#X	Y	Z
0	0	0
0	1	0
0	2	0
0	3	0
0	4	0
0	5	0
0	6	0
0	7	0
0	8	0
0	9	0
0	10	0
0	11	0
0	12	0
0	13	0
0	14	0
0	15	0
0	16	0
0	17	0
0	18	0
0	19	0
0	20	0
0	21	0
0	22	0
0	23	0
0	24	0
0	25	0
0	26	0
0	27	0
0	28	0
0	29	0
0	30	0
0	31	0
0	32	0
0	33	0
0	34	0
0	35	0
0	36	0
0	37	0
0	38	0
0	39	0
0	40	0
0	41	0
0	42	0
0	43	0
0	44	0
0	45	0
0	46	0
0	47	0
0	48	0
0	49	0
0	50	0
0	51	0
0	52	0
0	53	0
0	54	0
0	55	0
0	56	0
0	57	0
0	58	0
0	59	0
0	60	0
0	61	0
0	62	0
0	63	0
0	64	0

1	0	0
1	1	0.0119606
1	2	0.0175912
1	3	0.0219845
1	4	0.0252857
1	5	0.0283762
1	6	0.0308816
1	7	0.0332261
1	8	0.0354141
1	9	0.0375427
1	10	0.0393192
1	11	0.041001
1	12	0.0425919
1	13	0.044156
1	14	0.0456032
1	15	0.0470461
1	16	0.0484653
1	17	0.050016
1	18	0.0517955
1	19	0.053795
1	20	0.0559147
1	21	0.0581834
1	22	0.0605372
1	23	0.0630003
1	24	0.0655469
1	25	0.0682277
1	26	0.0709838
1	27	0.0738503
1	28	0.0768104
1	29	0.0798814
1	30	0.0830545
1	31	0.0863635
1	32	0.0897305
1	33	0.0929918
1	34	0.0955936
1	35	0.0978785
1	36	0.1
1	37	0.101956
1	38	0.103579
1	39	0.10513
1	40	0.106499
1	41	0.108121
1	42	0.110944
1	43	0.114327
1	44	0.118132
1	45	0.122224
1	46	0.126594
1	47	0.131223
1	48	0.136023
1	49	0.140317
1	50	0.142729
1	51	0.144125
1	52	0.144293
1	53	0.144202
1	54	0.146561
1	55	0.149582
1	56	0.15283
1	57	0.154566
1	58	0.150068
1	59	0.14235
1	60	0.137948
1	61	0.129469
1	62	0.105076
1	63	0.0749355
1	64	0.0490677

2	0	0
2	1	0.0174148
2	2	0.0264652
2	3	0.0342469
2	4	0.0400254
2	5	0.0457222
2	6	0.0503251
2	7	0.0547122
2	8	0.0587367
2	9	0.0627865
2	10	0.0662365
2	11	0.069554
2	12	0.0726833
2	13	0.0758269
2	14	0.0787624
2	15	0.0817552
2	16	0.0847135
2	17	0.087834
2	18	0.0914087
2	19	0.0953367
2	20	0.0995792
2	21	0.104116
2	22	0.108844
2	23	0.11377
2	24	0.118901
2	25	0.124057
2	26	0.129566
2	27	0.135308
2	28	0.141277
2	29	0.147205
2	30	0.153615
2	31	0.160007
2	32	0.166751
2	33	0.173611
2	34	0.179364
2	35	0.184445
2	36	0.189228
2	37	0.193642
2	38	0.197641
2	39	0.201444
2	40	0.205188
2	41	0.209189
2	42	0.215011
2	43	0.221903
2	44	0.229449
2	45	0.237062
2	46	0.245666
2	47	0.25417
2	48	0.263313
2	49	0.272541
2	50	0.278374
2	51	0.28211
2	52	0.284033
2	53	0.28545
2	54	0.289912
2	55	0.294143
2	56	0.298835
2	57	0.30286
2	58	0.296013
2	59	0.284005
2	60	0.272136
2	61	0.255121
2	62	0.212112
2	63	0.150446
2	64	0.0980171

3	0	0
3	1	0.0215985
3	2	0.0339886
3	3	0.0442762
3	4	0.0525443
3	5	0.0603781
3	6	0.0670197
3	7	0.0732556
3	8	0.0791742
3	9	0.0849653
3	10	0.0900975
3	11	0.0950045
3	12	0.0997412
3	13	0.104431
3	14	0.108942
3	15	0.113484
3	16	0.117949
3	17	0.122707
3	18	0.128016
3	19	0.133859
3	20	0.140165
3	21	0.146883
3	22	0.153879
3	23	0.161182
3	24	0.168568
3	25	0.176202
3	26	0.184337
3	27	0.192851
3	28	0.201448
3	29	0.210325
3	30	0.219613
3	31	0.2292
3	32	0.239526
3	33	0.249808
3	34	0.258689
3	35	0.266736
3	36	0.274287
3	37	0.281407
3	38	0.287963
3	39	0.294381
3	40	0.300624
3	41	0.307358
3	42	0.316306
3	43	0.326523
3	44	0.337146
3	45	0.348412
3	46	0.360482
3	47	0.372999
3	48	0.387184
3	49	0.400789
3	50	0.410019
3	51	0.416572
3	52	0.42086
3	53	0.424356
3	54	0.42992
3	55	0.435494
3	56	0.443162
3	57	0.447534
3	58	0.439492
3	59	0.423204
3	60	0.406928
3	61	0.378738
3	62	0.31033
3	63	0.223589
3	64	0.14673

4	0	0
4	1	0.024634
4	2	0.0394212
4	3	0.0521272
4	4	0.0624927
4	5	0.0722845
4	6	0.0807795
4	7	0.0887891
4	8	0.0964398
4	9	0.103886
4	10	0.110632
4	11	0.11712
4	12	0.123416
4	13	0.12966
4	14	0.135714
4	15	0.141748
4	16	0.147778
4	17	0.154161
4	18	0.161222
4	19	0.168978
4	20	0.177277
4	21	0.186123
4	22	0.195301
4	23	0.204726
4	24	0.214376
4	25	0.224444
4	26	0.235111
4	27	0.246136
4	28	0.25746
4	29	0.26909
4	30	0.281392
4	31	0.294411
4	32	0.3081
4	33	0.321744
4	34	0.333763
4	35	0.344817
4	36	0.355258
4	37	0.36518
4	38	0.374498
4	39	0.383668
4	40	0.392663
4	41	0.402385
4	42	0.414379
4	43	0.427521
4	44	0.441448
4	45	0.455989
4	46	0.471802
4	47	0.489061
4	48	0.507674
4	49	0.525322
4	50	0.538039
4	51	0.548152
4	52	0.555047
4	53	0.560883
4	54	0.568164
4	55	0.576697
4	56	0.585813
4	57	0.590077
4	58	0.580068
4	59	0.555687
4	60	0.531357
4	61	0.497663
4	62	0.411819
4	63	0.296586
4	64	0.19509

5	0	0
5	1	0.0274262
5	2	0.0446629
5	3	0.0594284
5	4	0.0717183
5	5	0.0833324
5	6	0.093599
5	7	0.10332
5	8	0.11263
5	9	0.121693
5	10	0.130033
5	11	0.138083
5	12	0.145939
5	13	0.153718
5	14	0.161247
5	15	0.168807
5	16	0.176385
5	17	0.18441
5	18	0.19324
5	19	0.202834
5	20	0.213088
5	21	0.223948
5	22	0.23506
5	23	0.246565
5	24	0.258441
5	25	0.270832
5	26	0.283788
5	27	0.297338
5	28	0.311192
5	29	0.325641
5	30	0.341194
5	31	0.35744
5	32	0.374418
5	33	0.391237
5	34	0.406331
5	35	0.42038
5	36	0.433731
5	37	0.446527
5	38	0.458669
5	39	0.470657
5	40	0.482619
5	41	0.495277
5	42	0.510002
5	43	0.52623
5	44	0.543139
5	45	0.561167
5	46	0.581509
5	47	0.603038
5	48	0.625713
5	49	0.64714
5	50	0.663831
5	51	0.676989
5	52	0.686411
5	53	0.694262
5	54	0.704773
5	55	0.715518
5	56	0.726079
5	57	0.730001
5	58	0.714138
5	59	0.68365
5	60	0.657865
5	61	0.614888
5	62	0.505687
5	63	0.367244
5	64	0.24298

6	0	0
6	1	0.0295489
6	2	0.0487141
6	3	0.0653624
6	4	0.0794249
6	5	0.0927235
6	6	0.104668
6	7	0.11598
6	8	0.126888
6	9	0.137463
6	10	0.147342
6	11	0.156896
6	12	0.166269
6	13	0.175473
6	14	0.18449
6	15	0.193538
6	16	0.202677
6	17	0.212345
6	18	0.222879
6	19	0.234282
6	20	0.246393
6	21	0.259089
6	22	0.272122
6	23	0.285704
6	24	0.299718
6	25	0.31426
6	26	0.329554
6	27	0.345506
6	28	0.361988
6	29	0.379462
6	30	0.398065
6	31	0.417442
6	32	0.437507
6	33	0.457474
6	34	0.4756
6	35	0.492575
6	36	0.508846
6	37	0.524787
6	38	0.539845
6	39	0.554801
6	40	0.569663
6	41	0.585305
6	42	0.60306
6	43	0.622246
6	44	0.642461
6	45	0.664696
6	46	0.689109
6	47	0.714651
6	48	0.741119
6	49	0.766371
6	50	0.78626
6	51	0.802766
6	52	0.814413
6	53	0.822956
6	54	0.83535
6	55	0.846564
6	56	0.85786
6	57	0.864345
6	58	0.846179
6	59	0.811877
6	60	0.780105
6	61	0.730196
6	62	0.60426
6	63	0.437997
6	64	0.290285

7	0	0
7	1	0.031461
7	2	0.0524071
7	3	0.0707377
7	4	0.0864079
7	5	0.101311
7	6	0.114797
7	7	0.12766
7	8	0.140049
7	9	0.152122
7	10	0.163478
7	11	0.174515
7	12	0.185284
7	13	0.195937
7	14	0.206397
7	15	0.216944
7	16	0.227647
7	17	0.238914
7	18	0.25114
7	19	0.264268
7	20	0.278073
7	21	0.292556
7	22	0.307516
7	23	0.323078
7	24	0.339071
7	25	0.355786
7	26	0.373305
7	27	0.391717
7	28	0.411046
7	29	0.431385
7	30	0.452961
7	31	0.475291
7	32	0.49841
7	33	0.521378
7	34	0.542417
7	35	0.562307
7	36	0.58173
7	37	0.600667
7	38	0.618721
7	39	0.636563
7	40	0.654358
7	41	0.673015
7	42	0.693631
7	43	0.716009
7	44	0.740274
7	45	0.766384
7	46	0.794671
7	47	0.823938
7	48	0.854247
7	49	0.88279
7	50	0.906196
7	51	0.925243
7	52	0.937746
7	53	0.947582
7	54	0.960457
7	55	0.97274
7	56	0.987759
7	57	0.99509
7	58	0.975884
7	59	0.937948
7	60	0.903443
7	61	0.844099
7	62	0.694964
7	63	0.506307
7	64	0.33689

8	0	0
8	1	0.0331502
8	2	0.0556663
8	3	0.0755935
8	4	0.0927971
8	5	0.109205
8	6	0.124187
8	7	0.138484
8	8	0.152333
8	9	0.165819
8	10	0.178617
8	11	0.19099
8	12	0.203164
8	13	0.215195
8	14	0.227097
8	15	0.239129
8	16	0.251352
8	17	0.264197
8	18	0.278036
8	19	0.29272
8	20	0.308181
8	21	0.324448
8	22	0.341244
8	23	0.358633
8	24	0.376634
8	25	0.395428
8	26	0.415241
8	27	0.436362
8	28	0.458394
8	29	0.481547
8	30	0.505929
8	31	0.531183
8	32	0.557195
8	33	0.583036
8	34	0.606945
8	35	0.629913
8	36	0.652303
8	37	0.674191
8	38	0.695106
8	39	0.715804
8	40	0.736475
8	41	0.758074
8	42	0.781768
8	43	0.808235
8	44	0.836236
8	45	0.866262
8	46	0.898195
8	47	0.931263
8	48	0.96501
8	49	0.99674
8	50	1.02284
8	51	1.04321
8	52	1.05714
8	53	1.06778
8	54	1.08197
8	55	1.09795
8	56	1.11496
8	57	1.12311
8	58	1.10256
8	59	1.05775
8	60	1.01657
8	61	0.953078
8	62	0.788462
8	63	0.574129
8	64	0.382683

9	0	0
9	1	0.0347401
9	2	0.0587723
9	3	0.0801532
9	4	0.0987728
9	5	0.116601
9	6	0.132945
9	7	0.148643
9	8	0.163857
9	9	0.178735
9	10	0.192824
9	11	0.206553
9	12	0.220056
9	13	0.233471
9	14	0.246796
9	15	0.260278
9	16	0.274002
9	17	0.288368
9	18	0.303662
9	19	0.319889
9	20	0.337015
9	21	0.354993
9	22	0.373481
9	23	0.392728
9	24	0.412647
9	25	0.433574
9	26	0.455933
9	27	0.479599
9	28	0.504283
9	29	0.530088
9	30	0.557251
9	31	0.585264
9	32	0.614028
9	33	0.642645
9	34	0.669551
9	35	0.695418
9	36	0.720712
9	37	0.745416
9	38	0.769134
9	39	0.792566
9	40	0.815953
9	41	0.840436
9	42	0.868004
9	43	0.898023
9	44	0.929733
9	45	0.963259
9	46	0.99889
9	47	1.03547
9	48	1.07268
9	49	1.10736
9	50	1.13513
9	51	1.1572
9	52	1.17201
9	53	1.18405
9	54	1.20214
9	55	1.2208
9	56	1.24004
9	57	1.24846
9	58	1.22309
9	59	1.17315
9	60	1.13141
9	61	1.06006
9	62	0.874466
9	63	0.63934
9	64	0.427555

10	0	0
10	1	0.035981
10	2	0.0613271
10	3	0.084038
10	4	0.103982
10	5	0.123099
10	6	0.140767
10	7	0.157762
10	8	0.174312
10	9	0.190472
10	10	0.205876
10	11	0.220882
10	12	0.235715
10	13	0.25047
10	14	0.265173
10	15	0.280062
10	16	0.295225
10	17	0.311
10	18	0.327751
10	19	0.345532
10	20	0.364256
10	21	0.383832
10	22	0.404056
10	23	0.425099
10	24	0.447
10	25	0.470257
10	26	0.494985
10	27	0.521146
10	28	0.548325
10	29	0.57671
10	30	0.606479
10	31	0.637112
10	32	0.668524
10	33	0.699987
10	34	0.729683
10	35	0.758309
10	36	0.786338
10	37	0.81394
10	38	0.840337
10	39	0.866552
10	40	0.892619
10	41	0.919721
10	42	0.950321
10	43	0.983736
10	44	1.01869
10	45	1.05529
10	46	1.09423
10	47	1.13383
10	48	1.17418
10	49	1.21273
10	50	1.24305
10	51	1.26719
10	52	1.28373
10	53	1.29745
10	54	1.31796
10	55	1.33806
10	56	1.3585
10	57	1.36901
10	58	1.34171
10	59	1.28859
10	60	1.24182
10	61	1.16456
10	62	0.964108
10	63	0.704091
10	64	0.471397

11	0	0
11	1	0.0370926
11	2	0.063637
11	3	0.0875675
11	4	0.1087
11	5	0.12905
11	6	0.14793
11	7	0.166186
11	8	0.18395
11	9	0.201376
11	10	0.218004
11	11	0.234282
11	12	0.250393
11	13	0.266455
11	14	0.282492
11	15	0.298739
11	16	0.315227
11	17	0.332382
11	18	0.350599
11	19	0.369875
11	20	0.390089
11	21	0.411292
11	22	0.433191
11	23	0.456085
11	24	0.480169
11	25	0.505628
11	26	0.532687
11	27	0.561187
11	28	0.590793
11	29	0.621625
11	30	0.653869
11	31	0.687014
11	32	0.72114
11	33	0.755257
11	34	0.787595
11	35	0.818841
11	36	0.849676
11	37	0.879915
11	38	0.909002
11	39	0.937773
11	40	0.96623
11	41	0.995845
11	42	1.02944
11	43	1.06579
11	44	1.10355
11	45	1.14316
11	46	1.18499
11	47	1.22768
11	48	1.27209
11	49	1.31401
11	50	1.34701
11	51	1.37345
11	52	1.39197
11	53	1.40765
11	54	1.42962
11	55	1.45122
11	56	1.47473
11	57	1.4859
11	58	1.45775
11	59	1.40152
11	60	1.35253
11	61	1.26706
11	62	1.04595
11	63	0.766041
11	64	0.514103

12	0	0
12	1	0.0380476
12	2	0.0656756
12	3	0.090675
12	4	0.112936
12	5	0.13442
12	6	0.154474
12	7	0.173872
12	8	0.192829
12	9	0.211424
12	10	0.229262
12	11	0.246753
12	12	0.264102
12	13	0.281417
12	14	0.298732
12	15	0.316208
12	16	0.333988
12	17	0.352514
12	18	0.37213
12	19	0.392777
12	20	0.414508
12	21	0.437259
12	22	0.460885
12	23	0.48583
12	24	0.511976
12	25	0.539602
12	26	0.568845
12	27	0.59962
12	28	0.631524
12	29	0.664668
12	30	0.699278
12	31	0.735007
12	32	0.771653
12	33	0.808291
12	34	0.843128
12	35	0.87703
12	36	0.910395
12	37	0.943208
12	38	0.974731
12	39	1.00582
12	40	1.0366
12	41	1.06873
12	42	1.10492
12	43	1.14384
12	44	1.18438
12	45	1.22667
12	46	1.27148
12	47	1.318
12	48	1.36591
12	49	1.41106
12	50	1.4468
12	51	1.47609
12	52	1.49681
12	53	1.51447
12	54	1.53819
12	55	1.56291
12	56	1.58811
12	57	1.59981
12	58	1.57048
12	59	1.50803
12	60	1.45323
12	61	1.36419
12	62	1.12947
12	63	0.826895
12	64	0.55557

13	0	0
13	1	0.038912
13	2	0.0674807
13	3	0.0934995
13	4	0.116792
13	5	0.139357
13	6	0.160462
13	7	0.180967
13	8	0.201012
13	9	0.220741
13	10	0.239719
13	11	0.258373
13	12	0.276901
13	13	0.295413
13	14	0.313872
13	15	0.33255
13	16	0.351612
13	17	0.371444
13	18	0.392333
13	19	0.414393
13	20	0.437565
13	21	0.461929
13	22	0.487487
13	23	0.514367
13	24	0.542546
13	25	0.572213
13	26	0.603586
13	27	0.636512
13	28	0.670585
13	29	0.705951
13	30	0.743007
13	31	0.78112
13	32	0.82015
13	33	0.859153
13	34	0.896517
13	35	0.932826
13	36	0.968661
13	37	1.0038
13	38	1.03753
13	39	1.0708
13	40	1.10391
13	41	1.13837
13	42	1.17688
13	43	1.21835
13	44	1.26136
13	45	1.30644
13	46	1.35498
13	47	1.40492
13	48	1.45613
13	49	1.5043
13	50	1.54319
13	51	1.57494
13	52	1.59767
13	53	1.61711
13	54	1.6441
13	55	1.67112
13	56	1.69814
13	57	1.71007
13	58	1.67634
13	59	1.60941
13	60	1.55426
13	61	1.4585
13	62	1.20544
13	63	0.884734
13	64	0.595699

14	0	0
14	1	0.039632
14	2	0.0690968
14	3	0.0960185
14	4	0.120285
14	5	0.143806
14	6	0.165924
14	7	0.187439
14	8	0.208534
14	9	0.229337
14	10	0.249401
14	11	0.269159
14	12	0.288801
14	13	0.30838
14	14	0.327954
14	15	0.347807
14	16	0.368079
14	17	0.389119
14	18	0.411328
14	19	0.43471
14	20	0.459386
14	21	0.485593
14	22	0.512975
14	23	0.541759
14	24	0.571848
14	25	0.603511
14	26	0.636898
14	27	0.671849
14	28	0.708003
14	29	0.745642
14	30	0.784938
14	31	0.825297
14	32	0.866554
14	33	0.907897
14	34	0.947524
14	35	0.986126
14	36	1.02417
14	37	1.06152
14	38	1.09734
14	39	1.13283
14	40	1.1681
14	41	1.20472
14	42	1.24557
14	43	1.28936
14	44	1.33498
14	45	1.38346
14	46	1.43527
14	47	1.48841
14	48	1.54265
14	49	1.59392
14	50	1.63539
14	51	1.66984
14	52	1.69444
14	53	1.71462
14	54	1.74346
14	55	1.77135
14	56	1.7994
14	57	1.81368
14	58	1.7785
14	59	1.70895
14	60	1.64966
14	61	1.54919
14	62	1.28346
14	63	0.941384
14	64	0.634393

15	0	0
15	1	0.0402772
15	2	0.0705149
15	3	0.0983021
15	4	0.123424
15	5	0.147858
15	6	0.17089
15	7	0.193363
15	8	0.215442
15	9	0.237248
15	10	0.258332
15	11	0.279121
15	12	0.299743
15	13	0.320349
15	14	0.341005
15	15	0.361969
15	16	0.383348
15	17	0.405608
15	18	0.429034
15	19	0.453804
15	20	0.480207
15	21	0.508127
15	22	0.537295
15	23	0.567862
15	24	0.599817
15	25	0.633359
15	26	0.668633
15	27	0.705524
15	28	0.743812
15	29	0.783546
15	30	0.824948
15	31	0.867397
15	32	0.910856
15	33	0.954312
15	34	0.996094
15	35	1.03676
15	36	1.07689
15	37	1.11626
15	38	1.15417
15	39	1.19168
15	40	1.22895
15	41	1.26772
15	42	1.3107
15	43	1.35692
15	44	1.40577
15	45	1.45732
15	46	1.51219
15	47	1.56829
15	48	1.62564
15	49	1.67956
15	50	1.72383
15	51	1.76037
15	52	1.78574
15	53	1.80711
15	54	1.83669
15	55	1.86576
15	56	1.89702
15	57	1.91232
15	58	1.87671
15	59	1.80476
15	60	1.74408
15	61	1.63695
15	62	1.35376
15	63	0.994846
15	64	0.671559

16	0	0
16	1	0.0408197
16	2	0.0717976
16	3	0.100305
16	4	0.126233
16	5	0.151492
16	6	0.175387
16	7	0.198762
16	8	0.221756
16	9	0.244498
16	10	0.266527
16	11	0.288204
16	12	0.309764
16	13	0.331347
16	14	0.353016
16	15	0.374983
16	16	0.397463
16	17	0.420867
16	18	0.445565
16	19	0.471959
16	20	0.499953
16	21	0.529545
16	22	0.560371
16	23	0.592677
16	24	0.626375
16	25	0.661678
16	26	0.698753
16	27	0.737644
16	28	0.777886
16	29	0.81958
16	30	0.862932
16	31	0.907447
16	32	0.952883
16	33	0.998345
16	34	1.04205
16	35	1.08463
16	36	1.12664
16	37	1.16793
16	38	1.20773
16	39	1.24709
16	40	1.2863
16	41	1.32712
16	42	1.37233
16	43	1.42172
16	44	1.47347
16	45	1.52806
16	46	1.58578
16	47	1.64489
16	48	1.70497
16	49	1.76143
16	50	1.80786
16	51	1.84555
16	52	1.87216
16	53	1.89435
16	54	1.92519
16	55	1.95731
16	56	1.99041
16	57	2.00672
16	58	1.97049
16	59	1.89381
16	60	1.82862
16	61	1.7188
16	62	1.42436
16	63	1.04656
16	64	0.707107

17	0	0
17	1	0.0412894
17	2	0.0728531
17	3	0.102056
17	4	0.128706
17	5	0.154731
17	6	0.17943
17	7	0.203628
17	8	0.22747
17	9	0.251069
17	10	0.273899
17	11	0.296426
17	12	0.318874
17	13	0.341375
17	14	0.363947
17	15	0.386896
17	16	0.410382
17	17	0.434925
17	18	0.461106
17	19	0.488956
17	20	0.518487
17	21	0.549606
17	22	0.582038
17	23	0.615949
17	24	0.651261
17	25	0.688221
17	26	0.72715
17	27	0.767849
17	28	0.809907
17	29	0.853406
17	30	0.898683
17	31	0.945037
17	32	0.992344
17	33	1.03959
17	34	1.08507
17	35	1.12939
17	36	1.1732
17	37	1.21626
17	38	1.25776
17	39	1.29887
17	40	1.33986
17	41	1.38267
17	42	1.43079
17	43	1.48285
17	44	1.53741
17	45	1.59468
17	46	1.65528
17	47	1.71711
17	48	1.77987
17	49	1.83864
17	50	1.88644
17	51	1.92551
17	52	1.95292
17	53	1.97632
17	54	2.01027
17	55	2.04466
17	56	2.07977
17	57	2.09667
17	58	2.05726
17	59	1.97722
17	60	1.91215
17	61	1.79708
17	62	1.48761
17	63	1.09493
17	64	0.740951

18	0	0
18	1	0.0415624
18	2	0.0736799
18	3	0.103441
18	4	0.130742
18	5	0.157431
18	6	0.182844
18	7	0.207787
18	8	0.232393
18	9	0.256753
18	10	0.280357
18	11	0.303684
18	12	0.32696
18	13	0.350314
18	14	0.373776
18	15	0.397664
18	16	0.422158
18	17	0.447811
18	18	0.47524
18	19	0.504432
18	20	0.535335
18	21	0.567889
18	22	0.601778
18	23	0.63717
18	24	0.673991
18	25	0.71257
18	26	0.753136
18	27	0.795488
18	28	0.839199
18	29	0.884432
18	30	0.931396
18	31	0.979464
18	32	1.02842
18	33	1.07732
18	34	1.12442
18	35	1.17036
18	36	1.2158
18	37	1.26058
18	38	1.30372
18	39	1.34658
18	40	1.38932
18	41	1.43392
18	42	1.48422
18	43	1.53876
18	44	1.59573
18	45	1.6553
18	46	1.7184
18	47	1.78253
18	48	1.84767
18	49	1.90929
18	50	1.95901
18	51	1.99974
18	52	2.02852
18	53	2.05323
18	54	2.08914
18	55	2.12483
18	56	2.16116
18	57	2.17997
18	58	2.13959
18	59	2.05764
18	60	1.98947
18	61	1.87087
18	62	1.55127
18	63	1.14143
18	64	0.77301

19	0	0
19	1	0.0417437
19	2	0.0742607
19	3	0.104552
19	4	0.132411
19	5	0.159703
19	6	0.185757
19	7	0.211366
19	8	0.236639
19	9	0.261694
19	10	0.286013
19	11	0.31008
19	12	0.334118
19	13	0.358277
19	14	0.382578
19	15	0.407365
19	16	0.432833
19	17	0.459527
19	18	0.488115
19	19	0.518509
19	20	0.550693
19	21	0.584551
19	22	0.619774
19	23	0.65653
19	24	0.694821
19	25	0.734865
19	26	0.776922
19	27	0.820772
19	28	0.866067
19	29	0.91283
19	30	0.961361
19	31	1.01093
19	32	1.06141
19	33	1.11179
19	34	1.16037
19	35	1.2078
19	36	1.25484
19	37	1.30116
19	38	1.34591
19	39	1.39036
19	40	1.43465
19	41	1.48093
19	42	1.53332
19	43	1.58994
19	44	1.64895
19	45	1.7107
19	46	1.77592
19	47	1.84231
19	48	1.91038
19	49	1.97445
19	50	2.02619
19	51	2.06864
19	52	2.09886
19	53	2.12508
19	54	2.16221
19	55	2.19925
19	56	2.23815
19	57	2.25787
19	58	2.21729
19	59	2.13361
19	60	2.06464
19	61	1.94098
19	62	1.60761
19	63	1.18449
19	64	0.803208

20	0	0
20	1	0.0418083
20	2	0.0747065
20	3	0.105371
20	4	0.133716
20	5	0.161532
20	6	0.188148
20	7	0.214328
20	8	0.240201
20	9	0.265894
20	10	0.290867
20	11	0.315601
20	12	0.340349
20	13	0.365253
20	14	0.390347
20	15	0.416019
20	16	0.442399
20	17	0.47007
20	18	0.499693
20	19	0.531206
20	20	0.564542
20	21	0.599581
20	22	0.636022
20	23	0.674111
20	24	0.713721
20	25	0.755091
20	26	0.79849
20	27	0.843774
20	28	0.890449
20	29	0.938624
20	30	0.988511
20	31	1.03945
20	32	1.09126
20	33	1.14301
20	34	1.19294
20	35	1.2418
20	36	1.29024
20	37	1.33803
20	38	1.38422
20	39	1.4301
20	40	1.47585
20	41	1.52378
20	42	1.57791
20	43	1.63633
20	44	1.69726
20	45	1.76091
20	46	1.82823
20	47	1.89729
20	48	1.96782
20	49	2.0342
20	50	2.08791
20	51	2.13233
20	52	2.16416
20	53	2.1918
20	54	2.23036
20	55	2.2699
20	56	2.31034
20	57	2.33095
20	58	2.29003
20	59	2.20281
20	60	2.13054
20	61	2.0049
20	62	1.66289
20	63	1.22521
20	64	0.83147

21	0	0
21	1	0.041796
21	2	0.074906
21	3	0.105935
21	4	0.134702
21	5	0.162979
21	6	0.190066
21	7	0.216749
21	8	0.243165
21	9	0.26942
21	10	0.294968
21	11	0.320318
21	12	0.345716
21	13	0.371316
21	14	0.39719
21	15	0.423663
21	16	0.450892
21	17	0.479448
21	18	0.510039
21	19	0.542556
21	20	0.576927
21	21	0.613041
21	22	0.650673
21	23	0.68994
21	24	0.730733
21	25	0.773296
21	26	0.817981
21	27	0.864496
21	28	0.912435
21	29	0.961817
21	30	1.01293
21	31	1.06507
21	32	1.1181
21	33	1.17105
21	34	1.22227
21	35	1.27238
21	36	1.32215
21	37	1.37124
21	38	1.41871
21	39	1.4659
21	40	1.51309
21	41	1.56248
21	42	1.61813
21	43	1.67823
21	44	1.74082
21	45	1.80635
21	46	1.87619
21	47	1.94758
21	48	2.0204
21	49	2.08887
21	50	2.14468
21	51	2.19084
21	52	2.22406
21	53	2.25307
21	54	2.29416
21	55	2.33556
21	56	2.37765
21	57	2.39883
21	58	2.35558
21	59	2.26597
21	60	2.194
21	61	2.06456
21	62	1.71124
21	63	1.26237
21	64	0.857729

22	0	0
22	1	0.0416804
22	2	0.0750134
22	3	0.10627
22	4	0.135383
22	5	0.163959
22	6	0.191433
22	7	0.21855
22	8	0.245429
22	9	0.272174
22	10	0.298246
22	11	0.324148
22	12	0.350146
22	13	0.37646
22	14	0.403039
22	15	0.430269
22	16	0.458264
22	17	0.487628
22	18	0.519076
22	19	0.55248
22	20	0.587786
22	21	0.624952
22	22	0.663626
22	23	0.703943
22	24	0.745789
22	25	0.789475
22	26	0.835244
22	27	0.882878
22	28	0.931879
22	29	0.982304
22	30	1.03446
22	31	1.08766
22	32	1.14175
22	33	1.19581
22	34	1.24814
22	35	1.2994
22	36	1.35033
22	37	1.40064
22	38	1.44928
22	39	1.49776
22	40	1.54623
22	41	1.59688
22	42	1.65397
22	43	1.71553
22	44	1.77979
22	45	1.84754
22	46	1.91953
22	47	1.99301
22	48	2.06785
22	49	2.13845
22	50	2.19605
22	51	2.24399
22	52	2.27858
22	53	2.30849
22	54	2.3511
22	55	2.39351
22	56	2.43662
22	57	2.45936
22	58	2.41558
22	59	2.32467
22	60	2.25061
22	61	2.11891
22	62	1.75829
22	63	1.29704
22	64	0.881921

23	0	0
23	1	0.0415011
23	2	0.0749056
23	3	0.106389
23	4	0.135699
23	5	0.16455
23	6	0.192354
23	7	0.219832
23	8	0.247103
23	9	0.274278
23	10	0.300808
23	11	0.327216
23	12	0.353831
23	13	0.380758
23	14	0.407997
23	15	0.435889
23	16	0.464574
23	17	0.49466
23	18	0.526862
23	19	0.561065
23	20	0.59729
23	21	0.635365
23	22	0.674955
23	23	0.716193
23	24	0.759027
23	25	0.803656
23	26	0.850402
23	27	0.898957
23	28	0.948859
23	29	1.00017
23	30	1.05325
23	31	1.10737
23	32	1.16242
23	33	1.21744
23	34	1.27077
23	35	1.32304
23	36	1.37504
23	37	1.4264
23	38	1.4762
23	39	1.5258
23	40	1.57533
23	41	1.6272
23	42	1.68553
23	43	1.74856
23	44	1.81484
23	45	1.88452
23	46	1.95841
23	47	2.03377
23	48	2.11067
23	49	2.18304
23	50	2.24242
23	51	2.29179
23	52	2.32722
23	53	2.35816
23	54	2.40163
23	55	2.44508
23	56	2.49021
23	57	2.51382
23	58	2.47005
23	59	2.37809
23	60	2.30386
23	61	2.16886
23	62	1.79865
23	63	1.32811
23	64	0.903989

24	0	0
24	1	0.0412417
24	2	0.0747308
24	3	0.106218
24	4	0.13569
24	5	0.164744
24	6	0.192805
24	7	0.220576
24	8	0.248182
24	9	0.275723
24	10	0.302666
24	11	0.329592
24	12	0.356725
24	13	0.384216
24	14	0.412016
24	15	0.440499
24	16	0.469793
24	17	0.500514
24	18	0.533387
24	19	0.568383
24	20	0.605388
24	21	0.644251
24	22	0.684634
24	23	0.726729
24	24	0.770376
24	25	0.815838
24	26	0.86337
24	27	0.912688
24	28	0.963334
24	29	1.01542
24	30	1.06927
24	31	1.12422
24	32	1.18008
24	33	1.23594
24	34	1.29013
24	35	1.3433
24	36	1.39621
24	37	1.44856
24	38	1.49932
24	39	1.54983
24	40	1.60038
24	41	1.65333
24	42	1.71292
24	43	1.77781
24	44	1.84583
24	45	1.91727
24	46	1.99287
24	47	2.07013
24	48	2.1487
24	49	2.22273
24	50	2.28348
24	51	2.3339
24	52	2.3703
24	53	2.40206
24	54	2.44652
24	55	2.49185
24	56	2.53825
24	57	2.56273
24	58	2.51895
24	59	2.42489
24	60	2.34873
24	61	2.21254
24	62	1.83659
24	63	1.35632
24	64	0.92388

25	0	0
25	1	0.0409103
25	2	0.0742416
25	3	0.105769
25	4	0.135347
25	5	0.164558
25	6	0.192816
25	7	0.220829
25	8	0.248709
25	9	0.276572
25	10	0.303942
25	11	0.331294
25	12	0.358897
25	13	0.386855
25	14	0.415147
25	15	0.444134
25	16	0.473948
25	17	0.505222
25	18	0.538765
25	19	0.574417
25	20	0.612086
25	21	0.651616
25	22	0.692732
25	23	0.735514
25	24	0.779869
25	25	0.825988
25	26	0.874152
25	27	0.924081
25	28	0.975371
25	29	1.02809
25	30	1.08262
25	31	1.13824
25	32	1.19482
25	33	1.2514
25	34	1.30635
25	35	1.36028
25	36	1.41403
25	37	1.46721
25	38	1.51872
25	39	1.57008
25	40	1.62149
25	41	1.67547
25	42	1.7367
25	43	1.80312
25	44	1.87268
25	45	1.94564
25	46	2.02297
25	47	2.10176
25	48	2.18188
25	49	2.25721
25	50	2.31897
25	51	2.37031
25	52	2.4074
25	53	2.44001
25	54	2.48629
25	55	2.53301
25	56	2.58074
25	57	2.60584
25	58	2.56081
25	59	2.46546
25	60	2.38978
25	61	2.25141
25	62	1.86825
25	63	1.38089
25	64	0.941544

26	0	0
26	1	0.0404489
26	2	0.0736848
26	3	0.10513
26	4	0.134755
26	5	0.163992
26	6	0.19238
26	7	0.220556
26	8	0.248663
26	9	0.276853
26	10	0.304556
26	11	0.332278
26	12	0.360254
26	13	0.388628
26	14	0.417331
26	15	0.446748
26	16	0.477008
26	17	0.508804
26	18	0.542878
26	19	0.579067
26	20	0.61728
26	21	0.657416
26	22	0.699096
26	23	0.742457
26	24	0.787346
26	25	0.833996
26	26	0.882652
26	27	0.933104
26	28	0.984891
26	29	1.03812
26	30	1.09318
26	31	1.14936
26	32	1.20652
26	33	1.26379
26	34	1.31938
26	35	1.374
26	36	1.42844
26	37	1.48231
26	38	1.53453
26	39	1.58664
26	40	1.63889
26	41	1.69392
26	42	1.75635
26	43	1.82405
26	44	1.89491
26	45	1.96928
26	46	2.04793
26	47	2.12805
26	48	2.20936
26	49	2.28569
26	50	2.34833
26	51	2.40055
26	52	2.4384
26	53	2.4717
26	54	2.51907
26	55	2.56666
26	56	2.61524
26	57	2.64143
26	58	2.5963
26	59	2.50032
26	60	2.42365
26	61	2.28434
26	62	1.89698
26	63	1.40243
26	64	0.95694

27	0	0
27	1	0.0399091
27	2	0.0728979
27	3	0.104271
27	4	0.133824
27	5	0.163081
27	6	0.191532
27	7	0.219839
27	8	0.248181
27	9	0.276612
27	10	0.304596
27	11	0.332599
27	12	0.3609
27	13	0.389597
27	14	0.418637
27	15	0.448403
27	16	0.479081
27	17	0.511289
27	18	0.545783
27	19	0.5824
27	20	0.621101
27	21	0.661682
27	22	0.703823
27	23	0.747598
27	24	0.7929
27	25	0.839927
27	26	0.888986
27	27	0.939812
27	28	0.991975
27	29	1.04559
27	30	1.10107
27	31	1.15769
27	32	1.2154
27	33	1.27319
27	34	1.32935
27	35	1.38452
27	36	1.43952
27	37	1.49397
27	38	1.5468
27	39	1.59958
27	40	1.65268
27	41	1.7086
27	42	1.77203
27	43	1.84078
27	44	1.91282
27	45	1.98828
27	46	2.06808
27	47	2.1492
27	48	2.23138
27	49	2.30853
27	50	2.37196
27	51	2.42491
27	52	2.46333
27	53	2.49734
27	54	2.5454
27	55	2.59379
27	56	2.64371
27	57	2.67062
27	58	2.62568
27	59	2.52933
27	60	2.4531
27	61	2.31234
27	62	1.91987
27	63	1.42035
27	64	0.970031

28	0	0
28	1	0.0392994
28	2	0.0720658
28	3	0.103163
28	4	0.132624
28	5	0.161816
28	6	0.190298
28	7	0.218743
28	8	0.247236
28	9	0.275855
28	10	0.304032
28	11	0.332267
28	12	0.360801
28	13	0.389746
28	14	0.419043
28	15	0.449135
28	16	0.480124
28	17	0.512645
28	18	0.547455
28	19	0.584451
28	20	0.623485
28	21	0.664416
28	22	0.706856
28	23	0.750929
28	24	0.79649
28	25	0.843812
28	26	0.893128
28	27	0.944214
28	28	0.996638
28	29	1.05053
28	30	1.10631
28	31	1.16333
28	32	1.22143
28	33	1.27963
28	34	1.3362
28	35	1.39175
28	36	1.44718
28	37	1.50208
28	38	1.55542
28	39	1.6089
28	40	1.66268
28	41	1.71931
28	42	1.78354
28	43	1.85325
28	44	1.92617
28	45	2.00256
28	46	2.08317
28	47	2.16497
28	48	2.24782
28	49	2.32563
28	50	2.38969
28	51	2.44326
28	52	2.48229
28	53	2.51684
28	54	2.5656
28	55	2.61519
28	56	2.66597
28	57	2.69368
28	58	2.64901
28	59	2.55207
28	60	2.47529
28	61	2.33417
28	62	1.93906
28	63	1.43501
28	64	0.980785

29	0	0
29	1	0.0386231
29	2	0.0709416
29	3	0.101824
29	4	0.131127
29	5	0.160254
29	6	0.188784
29	7	0.217291
29	8	0.245885
29	9	0.274609
29	10	0.302931
29	11	0.331312
29	12	0.360005
29	13	0.389118
29	14	0.418652
29	15	0.448963
29	16	0.480166
29	17	0.512901
29	18	0.547986
29	19	0.585208
29	20	0.624482
29	21	0.665603
29	22	0.70823
29	23	0.752449
29	24	0.798189
29	25	0.845651
29	26	0.895109
29	27	0.946335
29	28	0.998917
29	29	1.05298
29	30	1.10902
29	31	1.16628
29	32	1.22467
29	33	1.28315
29	34	1.33995
29	35	1.39579
29	36	1.45153
29	37	1.50679
29	38	1.56067
29	39	1.61468
29	40	1.66899
29	41	1.7262
29	42	1.79117
29	43	1.86154
29	44	1.93519
29	45	2.01219
29	46	2.0933
29	47	2.1756
29	48	2.25897
29	49	2.33727
29	50	2.40184
29	51	2.45593
29	52	2.49535
29	53	2.53045
29	54	2.5803
29	55	2.63072
29	56	2.68242
29	57	2.71067
29	58	2.66583
29	59	2.56869
29	60	2.49252
29	61	2.35087
29	62	1.95291
29	63	1.44608
29	64	0.989177

30	0	0
30	1	0.0378436
30	2	0.0698055
30	3	0.10033
30	4	0.12946
30	5	0.158454
30	6	0.186935
30	7	0.215436
30	8	0.244045
30	9	0.272825
30	10	0.301206
30	11	0.329659
30	12	0.358434
30	13	0.387706
30	14	0.417372
30	15	0.447816
30	16	0.479142
30	17	0.512044
30	18	0.547253
30	19	0.584617
30	20	0.623978
30	21	0.66516
30	22	0.707821
30	23	0.752113
30	24	0.797881
30	25	0.845341
30	26	0.894814
30	27	0.946075
30	28	0.998698
30	29	1.05291
30	30	1.10907
30	31	1.16644
30	32	1.22496
30	33	1.28365
30	34	1.34064
30	35	1.39662
30	36	1.45257
30	37	1.50833
30	38	1.56262
30	39	1.61701
30	40	1.67172
30	41	1.72946
30	42	1.7949
30	43	1.8658
30	44	1.93988
30	45	2.01718
30	46	2.09861
30	47	2.18122
30	48	2.26493
30	49	2.3436
30	50	2.40856
30	51	2.46303
30	52	2.50286
30	53	2.53844
30	54	2.58891
30	55	2.64005
30	56	2.69231
30	57	2.72074
30	58	2.67605
30	59	2.57889
30	60	2.50277
30	61	2.36133
30	62	1.96233
30	63	1.45372
30	64	0.995185

31	0	0
31	1	0.037018
31	2	0.0684508
31	3	0.0986819
31	4	0.127586
31	5	0.156425
31	6	0.184805
31	7	0.21323
31	8	0.241806
31	9	0.27056
31	10	0.29893
31	11	0.32738
31	12	0.35623
31	13	0.385552
31	14	0.415268
31	15	0.44575
31	16	0.477154
31	17	0.510088
31	18	0.545346
31	19	0.582702
31	20	0.622027
31	21	0.663139
31	22	0.705768
31	23	0.749984
31	24	0.795642
31	25	0.843
31	26	0.892391
31	27	0.943576
31	28	0.996225
31	29	1.05043
31	30	1.10657
31	31	1.16393
31	32	1.22251
31	33	1.28125
31	34	1.33823
31	35	1.39426
31	36	1.45055
31	37	1.50658
31	38	1.5611
31	39	1.61573
31	40	1.67081
31	41	1.72883
31	42	1.79461
31	43	1.86575
31	44	1.93993
31	45	2.01737
31	46	2.09893
31	47	2.18172
31	48	2.26564
31	49	2.34454
31	50	2.40974
31	51	2.4645
31	52	2.50468
31	53	2.54061
31	54	2.59163
31	55	2.64323
31	56	2.69568
31	57	2.72438
31	58	2.67991
31	59	2.58296
31	60	2.50764
31	61	2.36651
31	62	1.96699
31	63	1.45785
31	64	0.998795

32	0	0
32	1	0.0361128
32	2	0.0671
32	3	0.0968986
32	4	0.12554
32	5	0.154154
32	6	0.182363
32	7	0.210667
32	8	0.239134
32	9	0.267795
32	10	0.296082
32	11	0.32453
32	12	0.353349
32	13	0.382647
32	14	0.41232
32	15	0.442802
32	16	0.474161
32	17	0.507045
32	18	0.54221
32	19	0.579439
32	20	0.618601
32	21	0.659586
32	22	0.702042
32	23	0.746048
32	24	0.79151
32	25	0.838663
32	26	0.887867
32	27	0.938942
32	28	0.991469
32	29	1.04549
32	30	1.10147
32	31	1.15874
32	32	1.21718
32	33	1.27587
32	34	1.33273
32	35	1.38898
32	36	1.44538
32	37	1.50152
32	38	1.55612
32	39	1.61096
32	40	1.66614
32	41	1.72432
32	42	1.79015
32	43	1.86122
32	44	1.93535
32	45	2.01273
32	46	2.09429
32	47	2.17711
32	48	2.26108
32	49	2.34009
32	50	2.40543
32	51	2.46047
32	52	2.50088
32	53	2.53716
32	54	2.5885
32	55	2.64017
32	56	2.69284
32	57	2.72187
32	58	2.67779
32	59	2.58141
32	60	2.50678
32	61	2.36592
32	62	1.96686
32	63	1.45844
32	64	1

33	0	0
33	1	0.0351652
33	2	0.0655399
33	3	0.0949538
33	4	0.123281
33	5	0.151635
33	6	0.17964
33	7	0.207752
33	8	0.236047
33	9	0.264547
33	10	0.292753
33	11	0.321092
33	12	0.349809
33	13	0.378987
33	14	0.408583
33	15	0.438946
33	16	0.470187
33	17	0.502904
33	18	0.537868
33	19	0.574856
33	20	0.613809
33	21	0.654533
33	22	0.696691
33	23	0.740415
33	24	0.78559
33	25	0.832466
33	26	0.881465
33	27	0.932316
33	28	0.984552
33	29	1.0383
33	30	1.09406
33	31	1.15101
33	32	1.20915
33	33	1.26751
33	34	1.32435
33	35	1.38049
33	36	1.43678
33	37	1.49281
33	38	1.54744
33	39	1.6022
33	40	1.65736
33	41	1.71541
33	42	1.78098
33	43	1.85181
33	44	1.9257
33	45	2.00289
33	46	2.0843
33	47	2.16698
33	48	2.25086
33	49	2.32983
33	50	2.39526
33	51	2.45038
33	52	2.49099
33	53	2.52743
33	54	2.57871
33	55	2.63048
33	56	2.68339
33	57	2.7128
33	58	2.66937
33	59	2.57377
33	60	2.49972
33	61	2.35992
33	62	1.9624
33	63	1.4556
33	64	0.998795

34	0	0
34	1	0.034282
34	2	0.0641497
34	3	0.0930711
34	4	0.121041
34	5	0.149022
34	6	0.176736
34	7	0.204582
34	8	0.232635
34	9	0.260918
34	10	0.288926
34	11	0.317074
34	12	0.345592
34	13	0.374597
34	14	0.403994
34	15	0.434151
34	16	0.465157
34	17	0.497665
34	18	0.532335
34	19	0.569056
34	20	0.607677
34	21	0.648008
34	22	0.689798
34	23	0.73313
34	24	0.777947
34	25	0.82464
34	26	0.873357
34	27	0.923814
34	28	0.975681
34	29	1.02923
34	30	1.08456
34	31	1.14119
34	32	1.19879
34	33	1.25619
34	34	1.31249
34	35	1.36815
34	36	1.42407
34	37	1.47982
34	38	1.53414
34	39	1.58867
34	40	1.6435
34	41	1.7011
34	42	1.76625
34	43	1.83665
34	44	1.91017
34	45	1.98703
34	46	2.06812
34	47	2.15057
34	48	2.2342
34	49	2.31278
34	50	2.37802
34	51	2.43314
34	52	2.47373
34	53	2.51002
34	54	2.56127
34	55	2.61316
34	56	2.66634
34	57	2.69598
34	58	2.65327
34	59	2.55834
34	60	2.48547
34	61	2.34733
34	62	1.95207
34	63	1.449
34	64	0.995185

35	0	0
35	1	0.0333925
35	2	0.0626331
35	3	0.0910988
35	4	0.118618
35	5	0.146214
35	6	0.173577
35	7	0.201101
35	8	0.228861
35	9	0.256857
35	10	0.284594
35	11	0.312466
35	12	0.340736
35	13	0.369464
35	14	0.398583
35	15	0.428434
35	16	0.459167
35	17	0.491337
35	18	0.525687
35	19	0.562015
35	20	0.600175
35	21	0.64006
35	22	0.681383
35	23	0.724278
35	24	0.768838
35	25	0.8152
35	26	0.863457
35	27	0.913461
35	28	0.965037
35	29	1.01808
35	30	1.07298
35	31	1.12892
35	32	1.18535
35	33	1.24177
35	34	1.29724
35	35	1.35221
35	36	1.40759
35	37	1.46279
35	38	1.51666
35	39	1.57066
35	40	1.62484
35	41	1.68182
35	42	1.74637
35	43	1.81622
35	44	1.88923
35	45	1.96558
35	46	2.04626
35	47	2.12828
35	48	2.21132
35	49	2.28942
35	50	2.35443
35	51	2.40932
35	52	2.44957
35	53	2.48571
35	54	2.53693
35	55	2.58897
35	56	2.64225
35	57	2.6724
35	58	2.63026
35	59	2.53637
35	60	2.46503
35	61	2.32923
35	62	1.93817
35	63	1.43912
35	64	0.989177

36	0	0
36	1	0.0324904
36	2	0.0611691
36	3	0.0890186
36	4	0.116068
36	5	0.143206
36	6	0.170167
36	7	0.197322
36	8	0.224723
36	9	0.252361
36	10	0.279746
36	11	0.307295
36	12	0.335219
36	13	0.363596
36	14	0.39234
36	15	0.421842
36	16	0.452175
36	17	0.483967
36	18	0.517869
36	19	0.553674
36	20	0.591324
36	21	0.630669
36	22	0.671483
36	23	0.714035
36	24	0.758192
36	25	0.80404
36	26	0.851775
36	27	0.901385
36	28	0.952368
36	29	1.00487
36	30	1.05896
36	31	1.11365
36	32	1.16891
36	33	1.22416
36	34	1.27864
36	35	1.33281
36	36	1.38739
36	37	1.44191
36	38	1.49504
36	39	1.54821
36	40	1.60159
36	41	1.65782
36	42	1.72163
36	43	1.79081
36	44	1.86314
36	45	1.93892
36	46	2.01898
36	47	2.10023
36	48	2.1826
36	49	2.26016
36	50	2.32472
36	51	2.37897
36	52	2.41889
36	53	2.45461
36	54	2.5058
36	55	2.55776
36	56	2.61127
36	57	2.64215
36	58	2.60092
36	59	2.50948
36	60	2.44039
36	61	2.30585
36	62	1.9185
36	63	1.42555
36	64	0.980785

37	0	0
37	1	0.0315542
37	2	0.0594921
37	3	0.0867859
37	4	0.113314
37	5	0.139982
37	6	0.166507
37	7	0.193236
37	8	0.220214
37	9	0.247431
37	10	0.274427
37	11	0.301562
37	12	0.329069
37	13	0.357007
37	14	0.385338
37	15	0.414378
37	16	0.444277
37	17	0.475568
37	18	0.508894
37	19	0.544134
37	20	0.581182
37	21	0.619953
37	22	0.660357
37	23	0.702436
37	24	0.746012
37	25	0.791272
37	26	0.838542
37	27	0.887476
37	28	0.937836
37	29	0.989437
37	30	1.04216
37	31	1.09555
37	32	1.14945
37	33	1.20348
37	34	1.2569
37	35	1.31004
37	36	1.3637
37	37	1.41726
37	38	1.46936
37	39	1.52154
37	40	1.57397
37	41	1.62929
37	42	1.69225
37	43	1.76059
37	44	1.83217
37	45	1.90715
37	46	1.98626
37	47	2.06667
37	48	2.14833
37	49	2.22524
37	50	2.28895
37	51	2.34271
37	52	2.38211
37	53	2.41765
37	54	2.46863
37	55	2.52052
37	56	2.57428
37	57	2.60573
37	58	2.56659
37	59	2.47719
37	60	2.40894
37	61	2.27717
37	62	1.89583
37	63	1.40889
37	64	0.970031

38	0	0
38	1	0.0305879
38	2	0.0578839
38	3	0.0845081
38	4	0.110494
38	5	0.136588
38	6	0.162608
38	7	0.188834
38	8	0.215326
38	9	0.242078
38	10	0.268595
38	11	0.295249
38	12	0.322255
38	13	0.349727
38	14	0.377539
38	15	0.406079
38	16	0.435423
38	17	0.466113
38	18	0.498828
38	19	0.533415
38	20	0.569834
38	21	0.608131
38	22	0.647999
38	23	0.689425
38	24	0.732347
38	25	0.77709
38	26	0.823617
38	27	0.871832
38	28	0.921204
38	29	0.971418
38	30	1.02274
38	31	1.07471
38	32	1.12723
38	33	1.1799
38	34	1.23206
38	35	1.28407
38	36	1.33657
38	37	1.38884
38	38	1.43974
38	39	1.49082
38	40	1.54217
38	41	1.59632
38	42	1.65823
38	43	1.72563
38	44	1.79625
38	45	1.87014
38	46	1.94825
38	47	2.02768
38	48	2.1085
38	49	2.18466
38	50	2.24778
38	51	2.30071
38	52	2.33979
38	53	2.37585
38	54	2.42679
38	55	2.47925
38	56	2.53324
38	57	2.56371
38	58	2.52551
38	59	2.43741
38	60	2.37136
38	61	2.24226
38	62	1.86625
38	63	1.38835
38	64	0.95694

39	0	0
39	1	0.0295963
39	2	0.0561138
39	3	0.0821205
39	4	0.107477
39	5	0.132995
39	6	0.158447
39	7	0.184123
39	8	0.210089
39	9	0.2363
39	10	0.262274
39	11	0.288366
39	12	0.314848
39	13	0.341747
39	14	0.369003
39	15	0.396932
39	16	0.425624
39	17	0.455658
39	18	0.487672
39	19	0.521577
39	20	0.557468
39	21	0.59517
39	22	0.634326
39	23	0.675036
39	24	0.717379
39	25	0.761319
39	26	0.807062
39	27	0.854214
39	28	0.902121
39	29	0.950868
39	30	1.00068
39	31	1.05116
39	32	1.10219
39	33	1.1534
39	34	1.20424
39	35	1.25491
39	36	1.30594
39	37	1.35682
39	38	1.40644
39	39	1.45627
39	40	1.50629
39	41	1.5592
39	42	1.62001
39	43	1.68628
39	44	1.75564
39	45	1.82838
39	46	1.90534
39	47	1.98374
39	48	2.06362
39	49	2.13903
39	50	2.20113
39	51	2.25352
39	52	2.29295
39	53	2.32907
39	54	2.38048
39	55	2.43299
39	56	2.48558
39	57	2.51588
39	58	2.47817
39	59	2.39159
39	60	2.32719
39	61	2.20198
39	62	1.83456
39	63	1.36494
39	64	0.941544

40	0	0
40	1	0.0285604
40	2	0.0543695
40	3	0.0796
40	4	0.104314
40	5	0.129174
40	6	0.154014
40	7	0.179106
40	8	0.204471
40	9	0.230091
40	10	0.255447
40	11	0.280966
40	12	0.306821
40	13	0.333112
40	14	0.359707
40	15	0.386931
40	16	0.414912
40	17	0.444215
40	18	0.475498
40	19	0.508836
40	20	0.544079
40	21	0.581022
40	22	0.619408
40	23	0.659481
40	24	0.700964
40	25	0.744058
40	26	0.788675
40	27	0.83428
40	28	0.880644
40	29	0.927802
40	30	0.976036
40	31	1.02494
40	32	1.0744
40	33	1.12412
40	34	1.17346
40	35	1.2225
40	36	1.27198
40	37	1.32145
40	38	1.36967
40	39	1.41803
40	40	1.46671
40	41	1.51826
40	42	1.5778
40	43	1.64258
40	44	1.71064
40	45	1.78194
40	46	1.85767
40	47	1.93493
40	48	2.01375
40	49	2.08827
40	50	2.1496
40	51	2.20215
40	52	2.24147
40	53	2.27782
40	54	2.32909
40	55	2.38018
40	56	2.43211
40	57	2.4623
40	58	2.42539
40	59	2.34203
40	60	2.28087
40	61	2.15734
40	62	1.79649
40	63	1.33786
40	64	0.92388

41	0	0
41	1	0.0274812
41	2	0.0523967
41	3	0.0769109
41	4	0.100918
41	5	0.125112
41	6	0.149316
41	7	0.173754
41	8	0.19847
41	9	0.223416
41	10	0.248142
41	11	0.272981
41	12	0.298179
41	13	0.32376
41	14	0.349602
41	15	0.376063
41	16	0.403253
41	17	0.431772
41	18	0.462434
41	19	0.495071
41	20	0.529502
41	21	0.565622
41	22	0.603317
41	23	0.642479
41	24	0.683066
41	25	0.724982
41	26	0.767997
41	27	0.811994
41	28	0.856701
41	29	0.902211
41	30	0.948787
41	31	0.996028
41	32	1.0439
41	33	1.09201
41	34	1.13961
41	35	1.18696
41	36	1.23489
41	37	1.28281
41	38	1.32943
41	39	1.37637
41	40	1.42364
41	41	1.47386
41	42	1.53183
41	43	1.59522
41	44	1.66175
41	45	1.73169
41	46	1.80613
41	47	1.88202
41	48	1.95951
41	49	2.03288
41	50	2.09396
41	51	2.14606
41	52	2.1854
41	53	2.22141
41	54	2.27105
41	55	2.32109
41	56	2.37227
41	57	2.40261
41	58	2.3682
41	59	2.28758
41	60	2.22699
41	61	2.10756
41	62	1.75669
41	63	1.3081
41	64	0.903989

42	0	0
42	1	0.0264033
42	2	0.05053
42	3	0.0742113
42	4	0.0974959
42	5	0.120939
42	6	0.144424
42	7	0.168161
42	8	0.192149
42	9	0.216301
42	10	0.240266
42	11	0.264368
42	12	0.288801
42	13	0.313585
42	14	0.338618
42	15	0.364255
42	16	0.390612
42	17	0.418357
42	18	0.448241
42	19	0.479998
42	20	0.51355
42	21	0.548899
42	22	0.585628
42	23	0.623829
42	24	0.66319
42	25	0.703487
42	26	0.744854
42	27	0.787139
42	28	0.830138
42	29	0.873938
42	30	0.918781
42	31	0.964355
42	32	1.01053
42	33	1.05686
42	34	1.10268
42	35	1.1484
42	36	1.19468
42	37	1.2408
42	38	1.28586
42	39	1.33118
42	40	1.37706
42	41	1.42636
42	42	1.48308
42	43	1.54494
42	44	1.61007
42	45	1.67893
42	46	1.7519
42	47	1.82663
42	48	1.9026
42	49	1.97352
42	50	2.03323
42	51	2.08444
42	52	2.12302
42	53	2.15812
42	54	2.20666
42	55	2.25614
42	56	2.30699
42	57	2.33651
42	58	2.30348
42	59	2.22464
42	60	2.16714
42	61	2.05163
42	62	1.70904
42	63	1.27444
42	64	0.881921

43	0	0
43	1	0.025303
43	2	0.0485033
43	3	0.0714022
43	4	0.0938932
43	5	0.116562
43	6	0.139298
43	7	0.162258
43	8	0.185401
43	9	0.208716
43	10	0.231881
43	11	0.25516
43	12	0.278748
43	13	0.302683
43	14	0.326852
43	15	0.351615
43	16	0.377152
43	17	0.404047
43	18	0.432988
43	19	0.463812
43	20	0.496544
43	21	0.530874
43	22	0.566595
43	23	0.603524
43	24	0.641226
43	25	0.679841
43	26	0.719457
43	27	0.759986
43	28	0.801222
43	29	0.843233
43	30	0.886345
43	31	0.930143
43	32	0.974459
43	33	1.01895
43	34	1.06307
43	35	1.10706
43	36	1.15143
43	37	1.19586
43	38	1.2392
43	39	1.28303
43	40	1.32797
43	41	1.37617
43	42	1.43145
43	43	1.4919
43	44	1.55592
43	45	1.62332
43	46	1.695
43	47	1.76802
43	48	1.84114
43	49	1.90977
43	50	1.96787
43	51	2.0177
43	52	2.05495
43	53	2.08893
43	54	2.1367
43	55	2.18555
43	56	2.23503
43	57	2.26463
43	58	2.23232
43	59	2.15565
43	60	2.10041
43	61	1.99053
43	62	1.66069
43	63	1.23837
43	64	0.857729

44	0	0
44	1	0.0241646
44	2	0.0465115
44	3	0.0684949
44	4	0.0901635
44	5	0.112011
44	6	0.133924
44	7	0.155997
44	8	0.17826
44	9	0.2007
44	10	0.22299
44	11	0.245367
44	12	0.268062
44	13	0.29109
44	14	0.31435
44	15	0.338276
44	16	0.362923
44	17	0.388834
44	18	0.416798
44	19	0.446776
44	20	0.47845
44	21	0.511746
44	22	0.546158
44	23	0.581398
44	24	0.617382
44	25	0.654227
44	26	0.692053
44	27	0.730781
44	28	0.770184
44	29	0.810415
44	30	0.851695
44	31	0.893555
44	32	0.935969
44	33	0.978662
44	34	1.02096
44	35	1.06297
44	36	1.10555
44	37	1.14816
44	38	1.18993
44	39	1.23269
44	40	1.27649
44	41	1.32338
44	42	1.37729
44	43	1.4366
44	44	1.49911
44	45	1.56514
44	46	1.63497
44	47	1.70509
44	48	1.77561
44	49	1.84185
44	50	1.89798
44	51	1.94567
44	52	1.98141
44	53	2.01392
44	54	2.06072
44	55	2.10799
44	56	2.15679
44	57	2.18673
44	58	2.15563
44	59	2.0839
44	60	2.03322
44	61	1.9259
44	62	1.60542
44	63	1.19875
44	64	0.83147

45	0	0
45	1	0.0229894
45	2	0.0443273
45	3	0.0654343
45	4	0.0862502
45	5	0.107239
45	6	0.128232
45	7	0.149393
45	8	0.170748
45	9	0.192271
45	10	0.213619
45	11	0.235065
45	12	0.256818
45	13	0.278907
45	14	0.301302
45	15	0.324311
45	16	0.347941
45	17	0.372838
45	18	0.399921
45	19	0.428809
45	20	0.459413
45	21	0.491369
45	22	0.524061
45	23	0.557552
45	24	0.591732
45	25	0.626757
45	26	0.662748
45	27	0.699608
45	28	0.737194
45	29	0.775548
45	30	0.814836
45	31	0.85474
45	32	0.895303
45	33	0.936126
45	34	0.976376
45	35	1.01653
45	36	1.05721
45	37	1.09816
45	38	1.13878
45	39	1.18032
45	40	1.22275
45	41	1.26828
45	42	1.32102
45	43	1.3788
45	44	1.4399
45	45	1.50401
45	46	1.57079
45	47	1.63815
45	48	1.70602
45	49	1.76985
45	50	1.8234
45	51	1.86919
45	52	1.90325
45	53	1.93455
45	54	1.97952
45	55	2.02551
45	56	2.07357
45	57	2.10377
45	58	2.07647
45	59	2.0085
45	60	1.95856
45	61	1.8567
45	62	1.54997
45	63	1.15704
45	64	0.803208

46	0	0
46	1	0.0218004
46	2	0.0422047
46	3	0.0623424
46	4	0.0822601
46	5	0.102229
46	6	0.122265
46	7	0.142465
46	8	0.16287
46	9	0.18341
46	10	0.203795
46	11	0.224261
46	12	0.245047
46	13	0.266221
46	14	0.287673
46	15	0.309672
46	16	0.332268
46	17	0.356162
46	18	0.382105
46	19	0.409904
46	20	0.439144
46	21	0.469283
46	22	0.500183
46	23	0.531845
46	24	0.564178
46	25	0.597297
46	26	0.63138
46	27	0.666383
46	28	0.702054
46	29	0.738417
46	30	0.775713
46	31	0.813682
46	32	0.852325
46	33	0.891174
46	34	0.929547
46	35	0.967754
46	36	1.00671
46	37	1.04638
46	38	1.08569
46	39	1.1258
46	40	1.16681
46	41	1.21106
46	42	1.26222
46	43	1.31848
46	44	1.37759
46	45	1.4388
46	46	1.50276
46	47	1.56728
46	48	1.63251
46	49	1.69378
46	50	1.74519
46	51	1.7886
46	52	1.82122
46	53	1.85247
46	54	1.89632
46	55	1.94231
46	56	1.9899
46	57	2.01774
46	58	1.99173
46	59	1.92599
46	60	1.87982
46	61	1.78236
46	62	1.48632
46	63	1.11165
46	64	0.77301

47	0	0
47	1	0.020583
47	2	0.0399455
47	3	0.0591421
47	4	0.078017
47	5	0.0969933
47	6	0.11604
47	7	0.135261
47	8	0.154657
47	9	0.174204
47	10	0.193582
47	11	0.213055
47	12	0.232907
47	13	0.253114
47	14	0.273542
47	15	0.294501
47	16	0.316087
47	17	0.338818
47	18	0.363664
47	19	0.390096
47	20	0.417514
47	21	0.445836
47	22	0.47489
47	23	0.504691
47	24	0.535103
47	25	0.566287
47	26	0.598488
47	27	0.63155
47	28	0.6652
47	29	0.699548
47	30	0.734872
47	31	0.770869
47	32	0.807487
47	33	0.84443
47	34	0.880806
47	35	0.917228
47	36	0.954828
47	37	0.993087
47	38	1.0309
47	39	1.06953
47	40	1.10921
47	41	1.15182
47	42	1.20142
47	43	1.25563
47	44	1.31179
47	45	1.37016
47	46	1.43118
47	47	1.49289
47	48	1.55533
47	49	1.61419
47	50	1.66292
47	51	1.7045
47	52	1.7368
47	53	1.76727
47	54	1.81104
47	55	1.85629
47	56	1.9007
47	57	1.92759
47	58	1.90202
47	59	1.83857
47	60	1.79432
47	61	1.70345
47	62	1.42352
47	63	1.06446
47	64	0.740951

48	0	0
48	1	0.0193479
48	2	0.0377146
48	3	0.0557499
48	4	0.0735992
48	5	0.0915158
48	6	0.109553
48	7	0.127731
48	8	0.146103
48	9	0.164633
48	10	0.182995
48	11	0.201531
48	12	0.220399
48	13	0.239598
48	14	0.258985
48	15	0.27894
48	16	0.299398
48	17	0.320947
48	18	0.344439
48	19	0.369017
48	20	0.39463
48	21	0.421077
48	22	0.448269
48	23	0.476139
48	24	0.504617
48	25	0.533893
48	26	0.56414
48	27	0.595144
48	28	0.62676
48	29	0.659081
48	30	0.692396
48	31	0.726319
48	32	0.760946
48	33	0.79594
48	34	0.83047
48	35	0.86555
48	36	0.901678
48	37	0.938442
48	38	0.974717
48	39	1.01197
48	40	1.05002
48	41	1.09091
48	42	1.13844
48	43	1.1895
48	44	1.24275
48	45	1.29792
48	46	1.35599
48	47	1.41476
48	48	1.4744
48	49	1.53083
48	50	1.5774
48	51	1.61829
48	52	1.64957
48	53	1.67966
48	54	1.72244
48	55	1.76452
48	56	1.80715
48	57	1.83313
48	58	1.80835
48	59	1.74989
48	60	1.7106
48	61	1.62226
48	62	1.35375
48	63	1.01404
48	64	0.707107

49	0	0
49	1	0.0180679
49	2	0.0351968
49	3	0.0521648
49	4	0.0689396
49	5	0.0858259
49	6	0.102805
49	7	0.119933
49	8	0.137254
49	9	0.154738
49	10	0.172136
49	11	0.189667
49	12	0.207505
49	13	0.225654
49	14	0.244035
49	15	0.262901
49	16	0.282258
49	17	0.302515
49	18	0.324227
49	19	0.347057
49	20	0.370847
49	21	0.395465
49	22	0.420755
49	23	0.446717
49	24	0.473313
49	25	0.500648
49	26	0.528845
49	27	0.557819
49	28	0.587413
49	29	0.617712
49	30	0.648929
49	31	0.680791
49	32	0.713351
49	33	0.746398
49	34	0.77947
49	35	0.812981
49	36	0.847505
49	37	0.88265
49	38	0.917475
49	39	0.953099
49	40	0.989511
49	41	1.02837
49	42	1.0728
49	43	1.12097
49	44	1.17104
49	45	1.22322
49	46	1.27824
49	47	1.3339
49	48	1.39055
49	49	1.4443
49	50	1.4896
49	51	1.52901
49	52	1.55965
49	53	1.58853
49	54	1.62785
49	55	1.66756
49	56	1.70823
49	57	1.73385
49	58	1.71268
49	59	1.65818
49	60	1.61906
49	61	1.53698
49	62	1.28511
49	63	0.962093
49	64	0.671559

50	0	0
50	1	0.0168253
50	2	0.0328756
50	3	0.0487077
50	4	0.0644381
50	5	0.0802314
50	6	0.0961439
50	7	0.112217
50	8	0.128467
50	9	0.144798
50	10	0.161122
50	11	0.177588
50	12	0.194352
50	13	0.211371
50	14	0.228647
50	15	0.246329
50	16	0.264459
50	17	0.283491
50	18	0.303675
50	19	0.324845
50	20	0.346905
50	21	0.369721
50	22	0.393165
50	23	0.417271
50	24	0.441965
50	25	0.46738
50	26	0.493597
50	27	0.520552
50	28	0.54814
50	29	0.576467
50	30	0.605629
50	31	0.635499
50	32	0.666024
50	33	0.696949
50	34	0.72818
50	35	0.75992
50	36	0.79269
50	37	0.826051
50	38	0.859129
50	39	0.892881
50	40	0.927301
50	41	0.964133
50	42	1.00601
50	43	1.05112
50	44	1.09828
50	45	1.14797
50	46	1.19991
50	47	1.25295
50	48	1.30648
50	49	1.35572
50	50	1.39821
50	51	1.43557
50	52	1.46442
50	53	1.49131
50	54	1.52831
50	55	1.56648
50	56	1.60604
50	57	1.63001
50	58	1.61049
50	59	1.55846
50	60	1.52364
50	61	1.44692
50	62	1.20787
50	63	0.906721
50	64	0.634393

51	0	0
51	1	0.0155694
51	2	0.0304438
51	3	0.0452121
51	4	0.0598448
51	5	0.0745642
51	6	0.0894132
51	7	0.104404
51	8	0.119478
51	9	0.134672
51	10	0.149887
51	11	0.16525
51	12	0.180868
51	13	0.196745
51	14	0.212841
51	15	0.229319
51	16	0.246304
51	17	0.264032
51	18	0.282729
51	19	0.302308
51	20	0.322673
51	21	0.343733
51	22	0.365394
51	23	0.387654
51	24	0.41048
51	25	0.433982
51	26	0.45823
51	27	0.483209
51	28	0.508847
51	29	0.535164
51	30	0.562334
51	31	0.590145
51	32	0.618457
51	33	0.647283
51	34	0.676543
51	35	0.706373
51	36	0.737231
51	37	0.76868
51	38	0.799798
51	39	0.831512
51	40	0.863961
51	41	0.898592
51	42	0.937637
51	43	0.979962
51	44	1.02472
51	45	1.0715
51	46	1.12078
51	47	1.17057
51	48	1.2191
51	49	1.26423
51	50	1.3037
51	51	1.33842
51	52	1.36473
51	53	1.38941
51	54	1.42466
51	55	1.46135
51	56	1.49842
51	57	1.52203
51	58	1.50323
51	59	1.45401
51	60	1.42165
51	61	1.35278
51	62	1.13285
51	63	0.850159
51	64	0.595699

52	0	0
52	1	0.0143077
52	2	0.0280926
52	3	0.0417033
52	4	0.05525
52	5	0.0688783
52	6	0.0826351
52	7	0.0964486
52	8	0.11037
52	9	0.124405
52	10	0.138489
52	11	0.1527
52	12	0.167166
52	13	0.18186
52	14	0.196766
52	15	0.21208
52	16	0.227828
52	17	0.24424
52	18	0.261489
52	19	0.279487
52	20	0.298196
52	21	0.317557
52	22	0.337446
52	23	0.357888
52	24	0.378855
52	25	0.400462
52	26	0.422784
52	27	0.445833
52	28	0.469489
52	29	0.493836
52	30	0.518947
52	31	0.544585
52	32	0.570737
52	33	0.597409
52	34	0.624609
52	35	0.652451
52	36	0.681289
52	37	0.710709
52	38	0.739733
52	39	0.769406
52	40	0.799684
52	41	0.831827
52	42	0.868273
52	43	0.908276
52	44	0.950191
52	45	0.994365
52	46	1.04033
52	47	1.08525
52	48	1.12935
52	49	1.17049
52	50	1.20654
52	51	1.23765
52	52	1.26129
52	53	1.2834
52	54	1.31676
52	55	1.35071
52	56	1.38637
52	57	1.40986
52	58	1.39233
52	59	1.3496
52	60	1.32323
52	61	1.25753
52	62	1.05095
52	63	0.790779
52	64	0.55557

53	0	0
53	1	0.013026
53	2	0.0256029
53	3	0.0381042
53	4	0.050555
53	5	0.063087
53	6	0.075665
53	7	0.088323
53	8	0.101076
53	9	0.113961
53	10	0.126879
53	11	0.13993
53	12	0.153207
53	13	0.166712
53	14	0.180472
53	15	0.19458
53	16	0.209081
53	17	0.224155
53	18	0.239938
53	19	0.256385
53	20	0.273487
53	21	0.291158
53	22	0.309304
53	23	0.327948
53	24	0.347075
53	25	0.366812
53	26	0.387251
53	27	0.408356
53	28	0.430076
53	29	0.452394
53	30	0.475341
53	31	0.498815
53	32	0.522765
53	33	0.547281
53	34	0.572393
53	35	0.598123
53	36	0.624832
53	37	0.652078
53	38	0.679012
53	39	0.706484
53	40	0.73429
53	41	0.763944
53	42	0.798165
53	43	0.8354
53	44	0.874781
53	45	0.915671
53	46	0.956706
53	47	0.997098
53	48	1.03693
53	49	1.07413
53	50	1.10603
53	51	1.134
53	52	1.15488
53	53	1.17487
53	54	1.20521
53	55	1.23696
53	56	1.27107
53	57	1.29448
53	58	1.28174
53	59	1.2438
53	60	1.21774
53	61	1.15918
53	62	0.971697
53	63	0.730611
53	64	0.514103

54	0	0
54	1	0.0117595
54	2	0.0232054
54	3	0.0345614
54	4	0.045908
54	5	0.0572187
54	6	0.0686342
54	7	0.0801162
54	8	0.0917148
54	9	0.103381
54	10	0.115125
54	11	0.12699
54	12	0.13908
54	13	0.15137
54	14	0.163929
54	15	0.176779
54	16	0.189996
54	17	0.203721
54	18	0.218056
54	19	0.232986
54	20	0.248484
54	21	0.264449
54	22	0.28086
54	23	0.297716
54	24	0.315029
54	25	0.33291
54	26	0.351448
54	27	0.370632
54	28	0.39036
54	29	0.410589
54	30	0.431402
54	31	0.452718
54	32	0.474494
54	33	0.496796
54	34	0.519715
54	35	0.543294
54	36	0.567767
54	37	0.592608
54	38	0.61724
54	39	0.642229
54	40	0.667556
54	41	0.694856
54	42	0.726322
54	43	0.760999
54	44	0.797127
54	45	0.833315
54	46	0.869833
54	47	0.905922
54	48	0.941631
54	49	0.974552
54	50	1.00301
54	51	1.02734
54	52	1.04585
54	53	1.06549
54	54	1.09398
54	55	1.12514
54	56	1.15821
54	57	1.17835
54	58	1.16706
54	59	1.13168
54	60	1.11023
54	61	1.05735
54	62	0.884135
54	63	0.667544
54	64	0.471397

55	0	0
55	1	0.0104773
55	2	0.020743
55	3	0.0309819
55	4	0.0411099
55	5	0.0512548
55	6	0.0614976
55	7	0.0718283
55	8	0.0822129
55	9	0.0926978
55	10	0.103254
55	11	0.113938
55	12	0.124824
55	13	0.135907
55	14	0.147226
55	15	0.15882
55	16	0.170744
55	17	0.183107
55	18	0.196015
55	19	0.209429
55	20	0.223305
55	21	0.237601
55	22	0.252293
55	23	0.267398
55	24	0.282917
55	25	0.29895
55	26	0.315622
55	27	0.332859
55	28	0.350546
55	29	0.368694
55	30	0.387383
55	31	0.406551
55	32	0.426113
55	33	0.446188
55	34	0.466917
55	35	0.488234
55	36	0.510268
55	37	0.532708
55	38	0.554812
55	39	0.577321
55	40	0.600323
55	41	0.624898
55	42	0.653874
55	43	0.685352
55	44	0.716829
55	45	0.748588
55	46	0.780798
55	47	0.8127
55	48	0.843967
55	49	0.873199
55	50	0.897729
55	51	0.919303
55	52	0.937242
55	53	0.955641
55	54	0.983547
55	55	1.01336
55	56	1.0421
55	57	1.06068
55	58	1.04942
55	59	1.01659
55	60	0.997228
55	61	0.952612
55	62	0.800403
55	63	0.604088
55	64	0.427555

56	0	0
56	1	0.00920231
56	2	0.0183299
56	3	0.027298
56	4	0.0362548
56	5	0.0452107
56	6	0.0543062
56	7	0.063428
56	8	0.0726373
56	9	0.0819338
56	10	0.0913174
56	11	0.100823
56	12	0.110514
56	13	0.120383
56	14	0.130472
56	15	0.140804
56	16	0.151421
56	17	0.162418
56	18	0.173891
56	19	0.185758
56	20	0.198038
56	21	0.210693
56	22	0.223702
56	23	0.23708
56	24	0.25082
56	25	0.265031
56	26	0.279816
56	27	0.295049
56	28	0.310701
56	29	0.326785
56	30	0.343369
56	31	0.360364
56	32	0.377723
56	33	0.395576
56	34	0.414038
56	35	0.432958
56	36	0.452577
56	37	0.472544
56	38	0.492175
56	39	0.512385
56	40	0.532804
56	41	0.554722
56	42	0.580591
56	43	0.607281
56	44	0.634388
56	45	0.661706
56	46	0.689706
56	47	0.717137
56	48	0.74447
56	49	0.770006
56	50	0.791536
56	51	0.811996
56	52	0.828555
56	53	0.845967
56	54	0.872286
56	55	0.897914
56	56	0.923883
56	57	0.94116
56	58	0.930342
56	59	0.903834
56	60	0.890405
56	61	0.848593
56	62	0.710614
56	63	0.538491
56	64	0.382683

57	0	0
57	1	0.00792141
57	2	0.0157487
57	3	0.0235338
57	4	0.0313048
57	5	0.0391174
57	6	0.0470147
57	7	0.0549704
57	8	0.0629999
57	9	0.0711322
57	10	0.0793508
57	11	0.0876757
57	12	0.0961634
57	13	0.104819
57	14	0.113672
57	15	0.122735
57	16	0.132042
57	17	0.14167
57	18	0.151673
57	19	0.162017
57	20	0.17272
57	21	0.183755
57	22	0.195104
57	23	0.206773
57	24	0.218766
57	25	0.231161
57	26	0.244015
57	27	0.257273
57	28	0.270915
57	29	0.284946
57	30	0.299405
57	31	0.314243
57	32	0.329421
57	33	0.345036
57	34	0.36113
57	35	0.377652
57	36	0.394788
57	37	0.412283
57	38	0.429635
57	39	0.447399
57	40	0.465424
57	41	0.484455
57	42	0.505777
57	43	0.528269
57	44	0.551108
57	45	0.574309
57	46	0.597876
57	47	0.621239
57	48	0.644532
57	49	0.666743
57	50	0.686756
57	51	0.705542
57	52	0.721067
57	53	0.736851
57	54	0.7588
57	55	0.780898
57	56	0.803934
57	57	0.819933
57	58	0.813305
57	59	0.791241
57	60	0.77731
57	61	0.742623
57	62	0.624782
57	63	0.47287
57	64	0.33689

58	0	0
58	1	0.00668982
58	2	0.0133531
58	3	0.0199656
58	4	0.0266053
58	5	0.0331731
58	6	0.0399034
58	7	0.0466903
58	8	0.0535671
58	9	0.0604294
58	10	0.0674533
58	11	0.0745883
58	12	0.0818745
58	13	0.0892095
58	14	0.0967948
58	15	0.104561
58	16	0.112546
58	17	0.120714
58	18	0.129251
58	19	0.13809
58	20	0.147238
58	21	0.156572
58	22	0.166251
58	23	0.176208
58	24	0.186455
58	25	0.196972
58	26	0.207923
58	27	0.21924
58	28	0.230889
58	29	0.242795
58	30	0.255136
58	31	0.267825
58	32	0.280815
58	33	0.294102
58	34	0.307843
58	35	0.322001
58	36	0.336692
58	37	0.351566
58	38	0.366446
58	39	0.381586
58	40	0.396934
58	41	0.41331
58	42	0.431148
58	43	0.44982
58	44	0.468826
58	45	0.488222
58	46	0.507887
58	47	0.527603
58	48	0.547348
58	49	0.566089
58	50	0.583619
58	51	0.600176
58	52	0.613787
58	53	0.627985
58	54	0.646814
58	55	0.667292
58	56	0.688004
58	57	0.698853
58	58	0.692755
58	59	0.672325
58	60	0.662641
58	61	0.63402
58	62	0.531113
58	63	0.404964
58	64	0.290285

59	0	0
59	1	0.00546249
59	2	0.010955
59	3	0.0164508
59	4	0.0218639
59	5	0.0272706
59	6	0.0328477
59	7	0.0384987
59	8	0.0441239
59	9	0.0497842
59	10	0.0556284
59	11	0.0615791
59	12	0.0675643
59	13	0.0736308
59	14	0.079942
59	15	0.0864215
59	16	0.092999
59	17	0.0997541
59	18	0.106855
59	19	0.114208
59	20	0.12172
59	21	0.129424
59	22	0.13745
59	23	0.145725
59	24	0.154171
59	25	0.162865
59	26	0.171959
59	27	0.18136
59	28	0.190957
59	29	0.200798
59	30	0.211053
59	31	0.221611
59	32	0.23234
59	33	0.243344
59	34	0.254789
59	35	0.266574
59	36	0.27869
59	37	0.291035
59	38	0.303332
59	39	0.315878
59	40	0.32882
59	41	0.342428
59	42	0.356974
59	43	0.3722
59	44	0.387686
59	45	0.403497
59	46	0.419646
59	47	0.435852
59	48	0.451902
59	49	0.46738
59	50	0.482107
59	51	0.496201
59	52	0.507984
59	53	0.51974
59	54	0.537012
59	55	0.554949
59	56	0.569387
59	57	0.577422
59	58	0.570159
59	59	0.551688
59	60	0.544138
59	61	0.523922
59	62	0.442805
59	63	0.337549
59	64	0.24298

60	0	0
60	1	0.00426072
60	2	0.00864292
60	3	0.0129001
60	4	0.0171734
60	5	0.0214068
60	6	0.0258629
60	7	0.0302649
60	8	0.0347144
60	9	0.0391607
60	10	0.0438332
60	11	0.0484904
60	12	0.0532362
60	13	0.0580165
60	14	0.0630679
60	15	0.0681535
60	16	0.0733745
60	17	0.0787039
60	18	0.0843774
60	19	0.0901424
60	20	0.0960929
60	21	0.102165
60	22	0.108567
60	23	0.115077
60	24	0.121779
60	25	0.12865
60	26	0.135905
60	27	0.143304
60	28	0.150912
60	29	0.158697
60	30	0.166884
60	31	0.17521
60	32	0.183729
60	33	0.192452
60	34	0.201589
60	35	0.210898
60	36	0.220545
60	37	0.230327
60	38	0.240099
60	39	0.250181
60	40	0.260543
60	41	0.271429
60	42	0.28294
60	43	0.294904
60	44	0.307051
60	45	0.319509
60	46	0.332246
60	47	0.344979
60	48	0.357639
60	49	0.369903
60	50	0.381752
60	51	0.393106
60	52	0.402293
60	53	0.411971
60	54	0.426532
60	55	0.438398
60	56	0.448976
60	57	0.454033
60	58	0.446538
60	59	0.434692
60	60	0.432776
60	61	0.415473
60	62	0.34859
60	63	0.268652
60	64	0.19509

61	0	0
61	1	0.00308654
61	2	0.00623573
61	3	0.00937798
61	4	0.0125182
61	5	0.0156626
61	6	0.018904
61	7	0.0221683
61	8	0.0254513
61	9	0.0287594
61	10	0.0321763
61	11	0.035637
61	12	0.0391484
61	13	0.0427117
61	14	0.0464185
61	15	0.0502057
61	16	0.0540783
61	17	0.0580516
61	18	0.0622153
61	19	0.0664996
61	20	0.0709058
61	21	0.0754282
61	22	0.0801444
61	23	0.0849927
61	24	0.0899722
61	25	0.0950958
61	26	0.100445
61	27	0.105951
61	28	0.111604
61	29	0.117408
61	30	0.12345
61	31	0.129654
61	32	0.135995
61	33	0.142504
61	34	0.149261
61	35	0.156195
61	36	0.163354
61	37	0.170671
61	38	0.178068
61	39	0.185668
61	40	0.193499
61	41	0.201661
61	42	0.210206
61	43	0.219084
61	44	0.228108
61	45	0.237333
61	46	0.246704
61	47	0.25611
61	48	0.265469
61	49	0.274601
61	50	0.283421
61	51	0.291969
61	52	0.299201
61	53	0.306275
61	54	0.314748
61	55	0.322248
61	56	0.328579
61	57	0.331935
61	58	0.329164
61	59	0.321342
61	60	0.318358
61	61	0.307437
61	62	0.261149
61	63	0.201146
61	64	0.14673

62	0	0
62	1	0.00197099
62	2	0.00406899
62	3	0.00604272
62	4	0.00813319
62	5	0.0101256
62	6	0.0122889
62	7	0.0143465
62	8	0.0165349
62	9	0.0186368
62	10	0.0209186
62	11	0.0231089
62	12	0.0254529
62	13	0.0277228
62	14	0.0302028
62	15	0.032606
62	16	0.0351919
62	17	0.0377304
62	18	0.0405098
62	19	0.0432375
62	20	0.0461752
62	21	0.0490716
62	22	0.0522213
62	23	0.055322
62	24	0.058643
62	25	0.0619395
62	26	0.0655069
62	27	0.0690422
62	28	0.0728086
62	29	0.0765555
62	30	0.0805859
62	31	0.0845819
62	32	0.0888059
62	33	0.0930254
62	34	0.097525
62	35	0.102015
62	36	0.106796
62	37	0.111541
62	38	0.1165
62	39	0.121478
62	40	0.126718
62	41	0.132072
62	42	0.137754
62	43	0.14355
62	44	0.149506
62	45	0.155575
62	46	0.161742
62	47	0.167941
62	48	0.174126
62	49	0.180168
62	50	0.18605
62	51	0.19173
62	52	0.196336
62	53	0.201334
62	54	0.206323
62	55	0.21101
62	56	0.214946
62	57	0.216928
62	58	0.215247
62	59	0.210674
62	60	0.211399
62	61	0.200782
62	62	0.166865
62	63	0.132419
62	64	0.0980171

63	0	0
63	1	0.000917189
63	2	0.00188758
63	3	0.00284393
63	4	0.00382884
63	5	0.00479992
63	6	0.005812
63	7	0.00681226
63	8	0.00784622
63	9	0.008872
63	10	0.00994409
63	11	0.0110111
63	12	0.012121
63	13	0.0132302
63	14	0.0143977
63	15	0.0155702
63	16	0.0167991
63	17	0.0180416
63	18	0.019357
63	19	0.0206896
63	20	0.0220901
63	21	0.0235093
63	22	0.0250068
63	23	0.0265252
63	24	0.0281174
63	25	0.0297365
63	26	0.0314423
63	27	0.033177
63	28	0.0349907
63	29	0.036834
63	30	0.038768
63	31	0.0407321
63	32	0.0427761
63	33	0.0448567
63	34	0.0470318
63	35	0.0492441
63	36	0.0515526
63	37	0.0538927
63	38	0.0563122
63	39	0.0587808
63	40	0.061354
63	41	0.0640095
63	42	0.0667928
63	43	0.0696607
63	44	0.07261
63	45	0.0756236
63	46	0.0786853
63	47	0.0817655
63	48	0.0848376
63	49	0.0878437
63	50	0.0907642
63	51	0.0936031
63	52	0.0961543
63	53	0.0987206
63	54	0.101232
63	55	0.103488
63	56	0.105226
63	57	0.106153
63	58	0.105699
63	59	0.103413
63	60	0.100979
63	61	0.09481
63	62	0.0813312
63	63	0.0657046
63	64	0.0490677

64	0	0
64	1	0
64	2	0
64	3	0
64	4	0
64	5	0
64	6	0
64	7	0
64	8	0
64	9	0
64	10	0
64	11	0
64	12	0
64	13	0
64	14	0
64	15	0
64	16	0
64	17	0
64	18	0
64	19	0
64	20	0
64	21	0
64	22	0
64	23	0
64	24	0
64	25	0
64	26	0
64	27	0
64	28	0
64	29	0
64	30	0
64	31	0
64	32	0
64	33	0
64	34	0
64	35	0
64	36	0
64	37	0
64	38	0
64	39	0
64	40	0
64	41	0
64	42	0
64	43	0
64	44	0
64	45	0
64	46	0
64	47	0
64	48	0
64	49	0
64	50	0
64	51	0
64	52	0
64	53	0
64	54	0
64	55	0
64	56	0
64	57	0
64	58	0
64	59	0
64	60	0
64	61	0
64	62	0
64	63	0
64	64	1.22461e-16

