#X	Y	Z
0	0	1
0	1	0.998795
0	2	0.995185
0	3	0.989177
0	4	0.980785
0	5	0.970031
0	6	0.95694
0	7	0.941544
0	8	0.92388
0	9	0.903989
0	10	0.881921
0	11	0.857729
0	12	0.83147
0	13	0.803208
0	14	0.77301
0	15	0.740951
0	16	0.707107
0	17	0.671559
0	18	0.634393
0	19	0.595699
0	20	0.55557
0	21	0.514103
0	22	0.471397
0	23	0.427555
0	24	0.382683
0	25	0.33689
0	26	0.290285
0	27	0.24298
0	28	0.19509
0	29	0.14673
0	30	0.0980171
0	31	0.0490677
0	32	6.12303e-17
0	33	-0.0490677
0	34	-0.0980171
0	35	-0.14673
0	36	-0.19509
0	37	-0.24298
0	38	-0.290285
0	39	-0.33689
0	40	-0.382683
0	41	-0.427555
0	42	-0.471397
0	43	-0.514103
0	44	-0.55557
0	45	-0.595699
0	46	-0.634393
0	47	-0.671559
0	48	-0.707107
0	49	-0.740951
0	50	-0.77301
0	51	-0.803208
0	52	-0.83147
0	53	-0.857729
0	54	-0.881921
0	55	-0.903989
0	56	-0.92388
0	57	-0.941544
0	58	-0.95694
0	59	-0.970031
0	60	-0.980785
0	61	-0.989177
0	62	-0.995185
0	63	-0.998795
0	64	-1

1	0	0.998795
1	1	1.67484
1	2	1.89515
1	3	1.95971
1	4	1.9749
1	5	1.9629
1	6	1.93957
1	7	1.90771
1	8	1.86854
1	9	1.8247
1	10	1.77477
1	11	1.72139
1	12	1.66356
1	13	1.6026
1	14	1.53696
1	15	1.46875
1	16	1.397
1	17	1.32275
1	18	1.24442
1	19	1.16383
1	20	1.08048
1	21	0.995071
1	22	0.906924
1	23	0.817444
1	24	0.726009
1	25	0.633058
1	26	0.53828
1	27	0.442513
1	28	0.345836
1	29	0.248336
1	30	0.149893
1	31	0.0515931
1	32	-0.0471384
1	33	-0.145685
1	34	-0.241236
1	35	-0.335302
1	36	-0.427867
1	37	-0.519402
1	38	-0.608662
1	39	-0.696025
1	40	-0.781714
1	41	-0.866366
1	42	-0.94886
1	43	-1.02976
1	44	-1.10834
1	45	-1.18542
1	46	-1.26059
1	47	-1.3336
1	48	-1.40457
1	49	-1.47154
1	50	-1.52624
1	51	-1.5739
1	52	-1.61407
1	53	-1.65056
1	54	-1.68908
1	55	-1.72639
1	56	-1.7658
1	57	-1.79495
1	58	-1.77965
1	59	-1.74431
1	60	-1.72787
1	61	-1.68563
1	62	-1.45528
1	63	-1.17231
1	64	-0.998795

2	0	0.995185
2	1	1.89515
2	2	2.25727
2	3	2.38454
2	4	2.43006
2	5	2.42468
2	6	2.40004
2	7	2.36204
2	8	2.31182
2	9	2.25657
2	10	2.19141
2	11	2.12331
2	12	2.04777
2	13	1.9711
2	14	1.88641
2	15	1.79971
2	16	1.70735
2	17	1.61765
2	18	1.51829
2	19	1.41781
2	20	1.31138
2	21	1.20706
2	22	1.0955
2	23	0.98385
2	24	0.867742
2	25	0.75577
2	26	0.636355
2	27	0.517887
2	28	0.39517
2	29	0.27651
2	30	0.152403
2	31	0.03036
2	32	-0.0943602
2	33	-0.21205
2	34	-0.331484
2	35	-0.446213
2	36	-0.562252
2	37	-0.671562
2	38	-0.782423
2	39	-0.888819
2	40	-0.995644
2	41	-1.09502
2	42	-1.1974
2	43	-1.29606
2	44	-1.39508
2	45	-1.48728
2	46	-1.58218
2	47	-1.67192
2	48	-1.76185
2	49	-1.8438
2	50	-1.91149
2	51	-1.96754
2	52	-2.01466
2	53	-2.05197
2	54	-2.09669
2	55	-2.13548
2	56	-2.179
2	57	-2.21269
2	58	-2.18369
2	59	-2.11428
2	60	-2.06235
2	61	-1.99029
2	62	-1.65572
2	63	-1.28047
2	64	-0.995185

3	0	0.989177
3	1	1.95971
3	2	2.38454
3	3	2.55523
3	4	2.62265
3	5	2.628
3	6	2.60776
3	7	2.56846
3	8	2.51544
3	9	2.45381
3	10	2.38214
3	11	2.30504
3	12	2.22223
3	13	2.13595
3	14	2.04198
3	15	1.94444
3	16	1.84641
3	17	1.74724
3	18	1.63894
3	19	1.52676
3	20	1.41243
3	21	1.29687
3	22	1.17471
3	23	1.0504
3	24	0.927133
3	25	0.803869
3	26	0.674268
3	27	0.542592
3	28	0.411019
3	29	0.280028
3	30	0.144644
3	31	0.00937158
3	32	-0.122168
3	33	-0.250759
3	34	-0.37919
3	35	-0.50565
3	36	-0.628501
3	37	-0.747867
3	38	-0.867242
3	39	-0.984022
3	40	-1.09515
3	41	-1.20287
3	42	-1.31257
3	43	-1.42128
3	44	-1.52573
3	45	-1.62712
3	46	-1.72957
3	47	-1.82932
3	48	-1.92701
3	49	-2.01736
3	50	-2.09046
3	51	-2.15105
3	52	-2.19651
3	53	-2.23472
3	54	-2.27686
3	55	-2.31607
3	56	-2.36531
3	57	-2.39884
3	58	-2.35553
3	59	-2.26679
3	60	-2.2113
3	61	-2.11346
3	62	-1.77008
3	63	-1.34315
3	64	-0.989177

4	0	0.980785
4	1	1.9749
4	2	2.43006
4	3	2.62265
4	4	2.70621
4	5	2.71962
4	6	2.70403
4	7	2.66536
4	8	2.61106
4	9	2.54638
4	10	2.47052
4	11	2.38924
4	12	2.30147
4	13	2.2095
4	14	2.10974
4	15	2.00955
4	16	1.90718
4	17	1.80367
4	18	1.68958
4	19	1.57344
4	20	1.45359
4	21	1.33216
4	22	1.20349
4	23	1.07586
4	24	0.94739
4	25	0.819032
4	26	0.682875
4	27	0.546583
4	28	0.409017
4	29	0.271666
4	30	0.129617
4	31	-0.00842532
4	32	-0.144604
4	33	-0.277637
4	34	-0.411638
4	35	-0.541484
4	36	-0.668849
4	37	-0.792967
4	38	-0.917223
4	39	-1.03551
4	40	-1.14965
4	41	-1.2608
4	42	-1.37494
4	43	-1.48631
4	44	-1.59484
4	45	-1.70058
4	46	-1.80825
4	47	-1.91263
4	48	-2.01524
4	49	-2.11039
4	50	-2.1868
4	51	-2.24784
4	52	-2.29349
4	53	-2.33042
4	54	-2.37237
4	55	-2.41575
4	56	-2.46691
4	57	-2.49904
4	58	-2.44922
4	59	-2.35924
4	60	-2.29604
4	61	-2.183
4	62	-1.82055
4	63	-1.37283
4	64	-0.980785

5	0	0.970031
5	1	1.9629
5	2	2.42468
5	3	2.628
5	4	2.71962
5	5	2.73948
5	6	2.72778
5	7	2.69089
5	8	2.63694
5	9	2.57112
5	10	2.49438
5	11	2.41099
5	12	2.32058
5	13	2.22571
5	14	2.12659
5	15	2.0249
5	16	1.92146
5	17	1.81545
5	18	1.70112
5	19	1.5827
5	20	1.46052
5	21	1.33595
5	22	1.20779
5	23	1.07825
5	24	0.948434
5	25	0.817172
5	26	0.68052
5	27	0.541774
5	28	0.401741
5	29	0.261344
5	30	0.120571
5	31	-0.0186643
5	32	-0.155459
5	33	-0.290587
5	34	-0.424144
5	35	-0.555406
5	36	-0.68414
5	37	-0.810156
5	38	-0.932524
5	39	-1.05103
5	40	-1.16529
5	41	-1.27778
5	42	-1.39106
5	43	-1.50365
5	44	-1.61325
5	45	-1.72137
5	46	-1.83068
5	47	-1.93763
5	48	-2.04306
5	49	-2.14063
5	50	-2.21684
5	51	-2.27821
5	52	-2.32211
5	53	-2.35883
5	54	-2.40503
5	55	-2.45053
5	56	-2.5019
5	57	-2.53288
5	58	-2.48915
5	59	-2.39807
5	60	-2.3321
5	61	-2.20961
5	62	-1.8458
5	63	-1.38381
5	64	-0.970031

6	0	0.95694
6	1	1.93957
6	2	2.40004
6	3	2.60776
6	4	2.70403
6	5	2.72778
6	6	2.71915
6	7	2.68386
6	8	2.63073
6	9	2.56404
6	10	2.4869
6	11	2.40217
6	12	2.31076
6	13	2.21598
6	14	2.11694
6	15	2.01521
6	16	1.91121
6	17	1.80516
6	18	1.69047
6	19	1.57125
6	20	1.44807
6	21	1.32401
6	22	1.19584
6	23	1.06635
6	24	0.935844
6	25	0.804474
6	26	0.667514
6	27	0.527948
6	28	0.38719
6	29	0.24845
6	30	0.108572
6	31	-0.0297902
6	32	-0.166432
6	33	-0.300604
6	34	-0.433572
6	35	-0.564739
6	36	-0.693371
6	37	-0.817648
6	38	-0.938603
6	39	-1.0561
6	40	-1.16977
6	41	-1.28113
6	42	-1.3938
6	43	-1.50638
6	44	-1.61643
6	45	-1.72534
6	46	-1.83558
6	47	-1.94394
6	48	-2.05063
6	49	-2.14916
6	50	-2.22577
6	51	-2.28682
6	52	-2.33059
6	53	-2.36926
6	54	-2.41716
6	55	-2.46473
6	56	-2.51632
6	57	-2.54544
6	58	-2.50213
6	59	-2.40917
6	60	-2.34051
6	61	-2.21492
6	62	-1.84689
6	63	-1.38097
6	64	-0.95694

7	0	0.941544
7	1	1.90771
7	2	2.36204
7	3	2.56846
7	4	2.66536
7	5	2.69089
7	6	2.68386
7	7	2.64997
7	8	2.59702
7	9	2.53073
7	10	2.45346
7	11	2.36894
7	12	2.27899
7	13	2.18511
7	14	2.08726
7	15	1.98618
7	16	1.88356
7	17	1.77821
7	18	1.66415
7	19	1.54532
7	20	1.42416
7	21	1.30115
7	22	1.17445
7	23	1.04565
7	24	0.916619
7	25	0.786124
7	26	0.649889
7	27	0.511081
7	28	0.373603
7	29	0.236948
7	30	0.0994617
7	31	-0.0373193
7	32	-0.171427
7	33	-0.303846
7	34	-0.435291
7	35	-0.565045
7	36	-0.690549
7	37	-0.812546
7	38	-0.931288
7	39	-1.04704
7	40	-1.15821
7	41	-1.26796
7	42	-1.37932
7	43	-1.49114
7	44	-1.6006
7	45	-1.70934
7	46	-1.8198
7	47	-1.92842
7	48	-2.03529
7	49	-2.13413
7	50	-2.2103
7	51	-2.27143
7	52	-2.31712
7	53	-2.35697
7	54	-2.40682
7	55	-2.4552
7	56	-2.50571
7	57	-2.53408
7	58	-2.49
7	59	-2.39608
7	60	-2.32825
7	61	-2.20171
7	62	-1.83657
7	63	-1.36934
7	64	-0.941544

8	0	0.92388
8	1	1.86854
8	2	2.31182
8	3	2.51544
8	4	2.61106
8	5	2.63694
8	6	2.63073
8	7	2.59702
8	8	2.54492
8	9	2.47863
8	10	2.40229
8	11	2.31996
8	12	2.23184
8	13	2.13949
8	14	2.04316
8	15	1.94428
8	16	1.84334
8	17	1.73939
8	18	1.62674
8	19	1.51106
8	20	1.39206
8	21	1.2712
8	22	1.14624
8	23	1.02001
8	24	0.892926
8	25	0.764144
8	26	0.629775
8	27	0.495508
8	28	0.361296
8	29	0.22789
8	30	0.0930917
8	31	-0.0400088
8	32	-0.171298
8	33	-0.301177
8	34	-0.430184
8	35	-0.555592
8	36	-0.677802
8	37	-0.796822
8	38	-0.912914
8	39	-1.02514
8	40	-1.13372
8	41	-1.2413
8	42	-1.35092
8	43	-1.46114
8	44	-1.56947
8	45	-1.6774
8	46	-1.78722
8	47	-1.89511
8	48	-2.00147
8	49	-2.1001
8	50	-2.17613
8	51	-2.23978
8	52	-2.28667
8	53	-2.32809
8	54	-2.37874
8	55	-2.42788
8	56	-2.47828
8	57	-2.50586
8	58	-2.46161
8	59	-2.37179
8	60	-2.30565
8	61	-2.17743
8	62	-1.81379
8	63	-1.35034
8	64	-0.92388

9	0	0.903989
9	1	1.8247
9	2	2.25657
9	3	2.45381
9	4	2.54638
9	5	2.57112
9	6	2.56404
9	7	2.53073
9	8	2.47863
9	9	2.41344
9	10	2.33972
9	11	2.25977
9	12	2.17383
9	13	2.08357
9	14	1.99016
9	15	1.89363
9	16	1.79474
9	17	1.69283
9	18	1.58406
9	19	1.47133
9	20	1.35527
9	21	1.23688
9	22	1.11531
9	23	0.991801
9	24	0.867124
9	25	0.740892
9	26	0.611826
9	27	0.481642
9	28	0.351492
9	29	0.221546
9	30	0.0912799
9	31	-0.0382288
9	32	-0.166304
9	33	-0.293092
9	34	-0.417061
9	35	-0.538452
9	36	-0.657014
9	37	-0.772755
9	38	-0.884624
9	39	-0.993559
9	40	-1.09929
9	41	-1.20447
9	42	-1.31177
9	43	-1.42013
9	44	-1.52697
9	45	-1.63359
9	46	-1.74202
9	47	-1.84858
9	48	-1.95382
9	49	-2.05169
9	50	-2.12967
9	51	-2.19427
9	52	-2.2425
9	53	-2.28453
9	54	-2.33593
9	55	-2.38525
9	56	-2.43487
9	57	-2.46232
9	58	-2.4226
9	59	-2.33556
9	60	-2.26897
9	61	-2.1422
9	62	-1.78441
9	63	-1.32604
9	64	-0.903989

10	0	0.881921
10	1	1.77477
10	2	2.19141
10	3	2.38214
10	4	2.47052
10	5	2.49438
10	6	2.4869
10	7	2.45346
10	8	2.40229
10	9	2.33972
10	10	2.26858
10	11	2.19118
10	12	2.10776
10	13	2.02013
10	14	1.92941
10	15	1.83548
10	16	1.7391
10	17	1.64042
10	18	1.53483
10	19	1.42552
10	20	1.31249
10	21	1.19724
10	22	1.07881
10	23	0.958458
10	24	0.836844
10	25	0.715187
10	26	0.590424
10	27	0.464833
10	28	0.338716
10	29	0.213304
10	30	0.0871083
10	31	-0.0383573
10	32	-0.162823
10	33	-0.285081
10	34	-0.404802
10	35	-0.521945
10	36	-0.636727
10	37	-0.748302
10	38	-0.856488
10	39	-0.961877
10	40	-1.06467
10	41	-1.16706
10	42	-1.27197
10	43	-1.37798
10	44	-1.48293
10	45	-1.58816
10	46	-1.69482
10	47	-1.80016
10	48	-1.90388
10	49	-1.99921
10	50	-2.07647
10	51	-2.14121
10	52	-2.18948
10	53	-2.23132
10	54	-2.28258
10	55	-2.33222
10	56	-2.38175
10	57	-2.4087
10	58	-2.37071
10	59	-2.28532
10	60	-2.22074
10	61	-2.09643
10	62	-1.74427
10	63	-1.29611
10	64	-0.881921

11	0	0.857729
11	1	1.72139
11	2	2.12331
11	3	2.30504
11	4	2.38924
11	5	2.41099
11	6	2.40217
11	7	2.36894
11	8	2.31996
11	9	2.25977
11	10	2.19118
11	11	2.11645
11	12	2.03591
11	13	1.95111
11	14	1.86327
11	15	1.77219
11	16	1.67936
11	17	1.58392
11	18	1.48198
11	19	1.37605
11	20	1.26657
11	21	1.15472
11	22	1.03983
11	23	0.922985
11	24	0.806316
11	25	0.689016
11	26	0.569079
11	27	0.447889
11	28	0.326733
11	29	0.205727
11	30	0.0839966
11	31	-0.0373782
11	32	-0.156929
11	33	-0.274832
11	34	-0.390066
11	35	-0.503061
11	36	-0.613294
11	37	-0.720915
11	38	-0.825184
11	39	-0.92718
11	40	-1.02674
11	41	-1.1263
11	42	-1.22841
11	43	-1.33201
11	44	-1.43509
11	45	-1.53826
11	46	-1.64324
11	47	-1.74654
11	48	-1.84694
11	49	-1.93978
11	50	-2.01594
11	51	-2.07978
11	52	-2.12722
11	53	-2.16843
11	54	-2.21965
11	55	-2.26917
11	56	-2.31796
11	57	-2.34522
11	58	-2.30818
11	59	-2.22467
11	60	-2.16204
11	61	-2.04221
11	62	-1.70057
11	63	-1.26239
11	64	-0.857729

12	0	0.83147
12	1	1.66356
12	2	2.04777
12	3	2.22223
12	4	2.30147
12	5	2.32058
12	6	2.31076
12	7	2.27899
12	8	2.23184
12	9	2.17383
12	10	2.10776
12	11	2.03591
12	12	1.95832
12	13	1.87635
12	14	1.79153
12	15	1.70432
12	16	1.61498
12	17	1.52327
12	18	1.42491
12	19	1.32288
12	20	1.21715
12	21	1.109
12	22	0.997928
12	23	0.886527
12	24	0.774556
12	25	0.662221
12	26	0.546923
12	27	0.431099
12	28	0.31473
12	29	0.198458
12	30	0.0811898
12	31	-0.0346769
12	32	-0.149508
12	33	-0.262629
12	34	-0.37344
12	35	-0.481363
12	36	-0.587264
12	37	-0.690603
12	38	-0.791108
12	39	-0.889339
12	40	-0.985653
12	41	-1.08192
12	42	-1.18117
12	43	-1.28225
12	44	-1.38281
12	45	-1.48379
12	46	-1.58626
12	47	-1.68595
12	48	-1.78322
12	49	-1.87339
12	50	-1.94758
12	51	-2.00956
12	52	-2.05579
12	53	-2.09583
12	54	-2.14649
12	55	-2.19556
12	56	-2.24419
12	57	-2.27209
12	58	-2.23635
12	59	-2.15827
12	60	-2.09994
12	61	-1.98196
12	62	-1.64852
12	63	-1.22425
12	64	-0.83147

13	0	0.803208
13	1	1.6026
13	2	1.9711
13	3	2.13595
13	4	2.2095
13	5	2.22571
13	6	2.21598
13	7	2.18511
13	8	2.13949
13	9	2.08357
13	10	2.02013
13	11	1.95111
13	12	1.87635
13	13	1.79744
13	14	1.7166
13	15	1.63305
13	16	1.5476
13	17	1.4596
13	18	1.36532
13	19	1.26728
13	20	1.16553
13	21	1.06147
13	22	0.956138
13	23	0.849768
13	24	0.743047
13	25	0.635579
13	26	0.525895
13	27	0.415163
13	28	0.303854
13	29	0.192376
13	30	0.080977
13	31	-0.0297895
13	32	-0.139534
13	33	-0.247961
13	34	-0.353424
13	35	-0.456678
13	36	-0.557975
13	37	-0.657217
13	38	-0.753605
13	39	-0.848199
13	40	-0.94084
13	41	-1.03385
13	42	-1.13018
13	43	-1.22831
13	44	-1.32633
13	45	-1.42442
13	46	-1.52285
13	47	-1.61898
13	48	-1.71303
13	49	-1.80037
13	50	-1.87192
13	51	-1.93205
13	52	-1.97673
13	53	-2.01578
13	54	-2.06568
13	55	-2.11413
13	56	-2.16252
13	57	-2.19096
13	58	-2.15983
13	59	-2.08578
13	60	-2.02813
13	61	-1.91525
13	62	-1.59454
13	63	-1.1832
13	64	-0.803208

14	0	0.77301
14	1	1.53696
14	2	1.88641
14	3	2.04198
14	4	2.10974
14	5	2.12659
14	6	2.11694
14	7	2.08726
14	8	2.04316
14	9	1.99016
14	10	1.92941
14	11	1.86327
14	12	1.79153
14	13	1.7166
14	14	1.63946
14	15	1.55998
14	16	1.47836
14	17	1.3943
14	18	1.30409
14	19	1.21018
14	20	1.11273
14	21	1.01442
14	22	0.914326
14	23	0.81347
14	24	0.711865
14	25	0.610017
14	26	0.505611
14	27	0.400181
14	28	0.293959
14	29	0.188418
14	30	0.0823906
14	31	-0.022859
14	32	-0.127603
14	33	-0.230796
14	34	-0.33141
14	35	-0.429715
14	36	-0.526601
14	37	-0.621602
14	38	-0.714064
14	39	-0.80464
14	40	-0.893673
14	41	-0.983292
14	42	-1.07628
14	43	-1.17131
14	44	-1.26606
14	45	-1.36015
14	46	-1.45473
14	47	-1.54731
14	48	-1.63806
14	49	-1.72206
14	50	-1.79114
14	51	-1.84879
14	52	-1.89205
14	53	-1.93159
14	54	-1.9809
14	55	-2.02999
14	56	-2.07833
14	57	-2.10488
14	58	-2.07546
14	59	-2.00398
14	60	-1.95018
14	61	-1.84171
14	62	-1.5315
14	63	-1.13795
14	64	-0.77301

15	0	0.740951
15	1	1.46875
15	2	1.79971
15	3	1.94444
15	4	2.00955
15	5	2.0249
15	6	2.01521
15	7	1.98618
15	8	1.94428
15	9	1.89363
15	10	1.83548
15	11	1.77219
15	12	1.70432
15	13	1.63305
15	14	1.55998
15	15	1.48438
15	16	1.40677
15	17	1.32679
15	18	1.24078
15	19	1.1513
15	20	1.05978
15	21	0.966852
15	22	0.872466
15	23	0.776941
15	24	0.681167
15	25	0.584746
15	26	0.485824
15	27	0.385704
15	28	0.28568
15	29	0.18574
15	30	0.0855165
15	31	-0.0144069
15	32	-0.113611
15	33	-0.211739
15	34	-0.307131
15	35	-0.4007
15	36	-0.493017
15	37	-0.583803
15	38	-0.671924
15	39	-0.758548
15	40	-0.843846
15	41	-0.929756
15	42	-1.01929
15	43	-1.11066
15	44	-1.20106
15	45	-1.29107
15	46	-1.38177
15	47	-1.47067
15	48	-1.55761
15	49	-1.63855
15	50	-1.70458
15	51	-1.76022
15	52	-1.80357
15	53	-1.84265
15	54	-1.89242
15	55	-1.94122
15	56	-1.98691
15	57	-2.01291
15	58	-1.98438
15	59	-1.91556
15	60	-1.86399
15	61	-1.76236
15	62	-1.46816
15	63	-1.0904
15	64	-0.740951

16	0	0.707107
16	1	1.397
16	2	1.70735
16	3	1.84641
16	4	1.90718
16	5	1.92146
16	6	1.91121
16	7	1.88356
16	8	1.84334
16	9	1.79474
16	10	1.7391
16	11	1.67936
16	12	1.61498
16	13	1.5476
16	14	1.47836
16	15	1.40677
16	16	1.33327
16	17	1.25749
16	18	1.17597
16	19	1.09249
16	20	1.0065
16	21	0.919321
16	22	0.830416
16	23	0.740904
16	24	0.65071
16	25	0.559977
16	26	0.466535
16	27	0.372882
16	28	0.278693
16	29	0.184819
16	30	0.0901985
16	31	-0.00387295
16	32	-0.0976447
16	33	-0.190468
16	34	-0.280816
16	35	-0.369585
16	36	-0.457343
16	37	-0.543597
16	38	-0.627445
16	39	-0.710025
16	40	-0.791327
16	41	-0.873334
16	42	-0.958873
16	43	-1.04537
16	44	-1.13135
16	45	-1.21701
16	46	-1.30367
16	47	-1.38843
16	48	-1.47177
16	49	-1.54948
16	50	-1.61297
16	51	-1.66808
16	52	-1.7106
16	53	-1.74961
16	54	-1.79873
16	55	-1.84495
16	56	-1.88929
16	57	-1.91489
16	58	-1.8876
16	59	-1.82436
16	60	-1.77824
16	61	-1.67961
16	62	-1.39731
16	63	-1.03929
16	64	-0.707107

17	0	0.671559
17	1	1.32275
17	2	1.61765
17	3	1.74724
17	4	1.80367
17	5	1.81545
17	6	1.80516
17	7	1.77821
17	8	1.73939
17	9	1.69283
17	10	1.64042
17	11	1.58392
17	12	1.52327
17	13	1.4596
17	14	1.3943
17	15	1.32679
17	16	1.25749
17	17	1.18621
17	18	1.11073
17	19	1.03286
17	20	0.952738
17	21	0.871157
17	22	0.788406
17	23	0.704596
17	24	0.620182
17	25	0.535034
17	26	0.448173
17	27	0.360511
17	28	0.272563
17	29	0.184501
17	30	0.0959872
17	31	0.00769359
17	32	-0.0803414
17	33	-0.16773
17	34	-0.252851
17	35	-0.336659
17	36	-0.419471
17	37	-0.501086
17	38	-0.580516
17	39	-0.658799
17	40	-0.735957
17	41	-0.813701
17	42	-0.894105
17	43	-0.975891
17	44	-1.05727
17	45	-1.1386
17	46	-1.22079
17	47	-1.30147
17	48	-1.38093
17	49	-1.45547
17	50	-1.51776
17	51	-1.57151
17	52	-1.61363
17	53	-1.6517
17	54	-1.69791
17	55	-1.74217
17	56	-1.78504
17	57	-1.81072
17	58	-1.78767
17	59	-1.72899
17	60	-1.68363
17	61	-1.59193
17	62	-1.32681
17	63	-0.986313
17	64	-0.671559

18	0	0.634393
18	1	1.24442
18	2	1.51829
18	3	1.63894
18	4	1.68958
18	5	1.70112
18	6	1.69047
18	7	1.66415
18	8	1.62674
18	9	1.58406
18	10	1.53483
18	11	1.48198
18	12	1.42491
18	13	1.36532
18	14	1.30409
18	15	1.24078
18	16	1.17597
18	17	1.11073
18	18	1.04088
18	19	0.968898
18	20	0.894452
18	21	0.81914
18	22	0.742205
18	23	0.664373
18	24	0.585627
18	25	0.506582
18	26	0.425655
18	27	0.344295
18	28	0.262283
18	29	0.180151
18	30	0.0975725
18	31	0.0150504
18	32	-0.0671821
18	33	-0.147229
18	34	-0.226496
18	35	-0.304558
18	36	-0.382196
18	37	-0.458569
18	38	-0.533219
18	39	-0.606792
18	40	-0.679399
18	41	-0.752083
18	42	-0.827638
18	43	-0.904443
18	44	-0.981244
18	45	-1.0582
18	46	-1.13605
18	47	-1.21286
18	48	-1.28861
18	49	-1.35875
18	50	-1.41834
18	51	-1.47015
18	52	-1.51071
18	53	-1.54721
18	54	-1.59146
18	55	-1.63471
18	56	-1.67688
18	57	-1.70115
18	58	-1.68025
18	59	-1.62467
18	60	-1.58434
18	61	-1.49873
18	62	-1.24736
18	63	-0.929686
18	64	-0.634393

19	0	0.595699
19	1	1.16383
19	2	1.41781
19	3	1.52676
19	4	1.57344
19	5	1.5827
19	6	1.57125
19	7	1.54532
19	8	1.51106
19	9	1.47133
19	10	1.42552
19	11	1.37605
19	12	1.32288
19	13	1.26728
19	14	1.21018
19	15	1.1513
19	16	1.09249
19	17	1.03286
19	18	0.968898
19	19	0.902616
19	20	0.834497
19	21	0.765085
19	22	0.694213
19	23	0.622138
19	24	0.54955
19	25	0.476347
19	26	0.401712
19	27	0.326345
19	28	0.25037
19	29	0.174237
19	30	0.0976147
19	31	0.0211348
19	32	-0.0533762
19	33	-0.126703
19	34	-0.199539
19	35	-0.271819
19	36	-0.343704
19	37	-0.414751
19	38	-0.484249
19	39	-0.552885
19	40	-0.620157
19	41	-0.687839
19	42	-0.758235
19	43	-0.83022
19	44	-0.902406
19	45	-0.974871
19	46	-1.04856
19	47	-1.12129
19	48	-1.19205
19	49	-1.25817
19	50	-1.31483
19	51	-1.36417
19	52	-1.40258
19	53	-1.43719
19	54	-1.48016
19	55	-1.52231
19	56	-1.56218
19	57	-1.58644
19	58	-1.56682
19	59	-1.51476
19	60	-1.47763
19	61	-1.40084
19	62	-1.16956
19	63	-0.871621
19	64	-0.595699

20	0	0.55557
20	1	1.08048
20	2	1.31138
20	3	1.41243
20	4	1.45359
20	5	1.46052
20	6	1.44807
20	7	1.42416
20	8	1.39206
20	9	1.35527
20	10	1.31249
20	11	1.26657
20	12	1.21715
20	13	1.16553
20	14	1.11273
20	15	1.05978
20	16	1.0065
20	17	0.952738
20	18	0.894452
20	19	0.834497
20	20	0.772308
20	21	0.708996
20	22	0.643936
20	23	0.578136
20	24	0.511442
20	25	0.444481
20	26	0.37585
20	27	0.306618
20	28	0.236745
20	29	0.166671
20	30	0.0962744
20	31	0.0276309
20	32	-0.0398382
20	33	-0.105962
20	34	-0.172432
20	35	-0.238416
20	36	-0.304493
20	37	-0.369917
20	38	-0.434069
20	39	-0.496968
20	40	-0.558938
20	41	-0.621291
20	42	-0.686659
20	43	-0.75372
20	44	-0.821171
20	45	-0.8892
20	46	-0.958487
20	47	-1.02603
20	48	-1.09229
20	49	-1.1543
20	50	-1.20764
20	51	-1.25358
20	52	-1.28957
20	53	-1.32193
20	54	-1.36331
20	55	-1.40288
20	56	-1.44164
20	57	-1.46625
20	58	-1.44853
20	59	-1.40376
20	60	-1.37354
20	61	-1.30108
20	62	-1.08447
20	63	-0.810531
20	64	-0.55557

21	0	0.514103
21	1	0.995071
21	2	1.20706
21	3	1.29687
21	4	1.33216
21	5	1.33595
21	6	1.32401
21	7	1.30115
21	8	1.2712
21	9	1.23688
21	10	1.19724
21	11	1.15472
21	12	1.109
21	13	1.06147
21	14	1.01442
21	15	0.966852
21	16	0.919321
21	17	0.871157
21	18	0.81914
21	19	0.765085
21	20	0.708996
21	21	0.651517
21	22	0.592764
21	23	0.532906
21	24	0.472485
21	25	0.411538
21	26	0.349071
21	27	0.286007
21	28	0.22228
21	29	0.158543
21	30	0.0961551
21	31	0.0347627
21	32	-0.0252001
21	33	-0.0845007
21	34	-0.144219
21	35	-0.203941
21	36	-0.263957
21	37	-0.323613
21	38	-0.381645
21	39	-0.438889
21	40	-0.495224
21	41	-0.552291
21	42	-0.612487
21	43	-0.674554
21	44	-0.737329
21	45	-0.800691
21	46	-0.864465
21	47	-0.927175
21	48	-0.988904
21	49	-1.04694
21	50	-1.09622
21	51	-1.13915
21	52	-1.17261
21	53	-1.20306
21	54	-1.24151
21	55	-1.27911
21	56	-1.31672
21	57	-1.3418
21	58	-1.32959
21	59	-1.2905
21	60	-1.26168
21	61	-1.19765
21	62	-1.00159
21	63	-0.748443
21	64	-0.514103

22	0	0.471397
22	1	0.906924
22	2	1.0955
22	3	1.17471
22	4	1.20349
22	5	1.20779
22	6	1.19584
22	7	1.17445
22	8	1.14624
22	9	1.11531
22	10	1.07881
22	11	1.03983
22	12	0.997928
22	13	0.956138
22	14	0.914326
22	15	0.872466
22	16	0.830416
22	17	0.788406
22	18	0.742205
22	19	0.694213
22	20	0.643936
22	21	0.592764
22	22	0.539965
22	23	0.486439
22	24	0.432062
22	25	0.377182
22	26	0.320889
22	27	0.264045
22	28	0.206739
22	29	0.150915
22	30	0.0958839
22	31	0.0420788
22	32	-0.0108193
22	33	-0.0627747
22	34	-0.115796
22	35	-0.169053
22	36	-0.22291
22	37	-0.275843
22	38	-0.327808
22	39	-0.379103
22	40	-0.429851
22	41	-0.481189
22	42	-0.536053
22	43	-0.593079
22	44	-0.650904
22	45	-0.70867
22	46	-0.767342
22	47	-0.825152
22	48	-0.882502
22	49	-0.936205
22	50	-0.982043
22	51	-1.02134
22	52	-1.05251
22	53	-1.08251
22	54	-1.11923
22	55	-1.1566
22	56	-1.19364
22	57	-1.216
22	58	-1.20602
22	59	-1.17058
22	60	-1.14761
22	61	-1.09035
22	62	-0.910142
22	63	-0.683284
22	64	-0.471397

23	0	0.427555
23	1	0.817444
23	2	0.98385
23	3	1.0504
23	4	1.07586
23	5	1.07825
23	6	1.06635
23	7	1.04565
23	8	1.02001
23	9	0.991801
23	10	0.958458
23	11	0.922985
23	12	0.886527
23	13	0.849768
23	14	0.81347
23	15	0.776941
23	16	0.740904
23	17	0.704596
23	18	0.664373
23	19	0.622138
23	20	0.578136
23	21	0.532906
23	22	0.486439
23	23	0.438973
23	24	0.39068
23	25	0.341967
23	26	0.291913
23	27	0.241542
23	28	0.192222
23	29	0.143804
23	30	0.096477
23	31	0.0498884
23	32	0.00455939
23	33	-0.0403579
23	34	-0.0865702
23	35	-0.133325
23	36	-0.180117
23	37	-0.226587
23	38	-0.272254
23	39	-0.317653
23	40	-0.362388
23	41	-0.408079
23	42	-0.457633
23	43	-0.509434
23	44	-0.561396
23	45	-0.613841
23	46	-0.667317
23	47	-0.720406
23	48	-0.773025
23	49	-0.822816
23	50	-0.864538
23	51	-0.900969
23	52	-0.931307
23	53	-0.960023
23	54	-0.996397
23	55	-1.03279
23	56	-1.06594
23	57	-1.08746
23	58	-1.07858
23	59	-1.0469
23	60	-1.02707
23	61	-0.979531
23	62	-0.822048
23	63	-0.617518
23	64	-0.427555

24	0	0.382683
24	1	0.726009
24	2	0.867742
24	3	0.927133
24	4	0.94739
24	5	0.948434
24	6	0.935844
24	7	0.916619
24	8	0.892926
24	9	0.867124
24	10	0.836844
24	11	0.806316
24	12	0.774556
24	13	0.743047
24	14	0.711865
24	15	0.681167
24	16	0.65071
24	17	0.620182
24	18	0.585627
24	19	0.54955
24	20	0.511442
24	21	0.472485
24	22	0.432062
24	23	0.39068
24	24	0.348561
24	25	0.306072
24	26	0.262511
24	27	0.220188
24	28	0.178341
24	29	0.137682
24	30	0.09768
24	31	0.0587711
24	32	0.0206654
24	33	-0.0171462
24	34	-0.0565711
24	35	-0.096007
24	36	-0.136039
24	37	-0.175961
24	38	-0.215442
24	39	-0.254566
24	40	-0.293483
24	41	-0.333394
24	42	-0.377487
24	43	-0.422978
24	44	-0.46937
24	45	-0.516148
24	46	-0.564576
24	47	-0.612609
24	48	-0.660761
24	49	-0.706497
24	50	-0.744863
24	51	-0.77976
24	52	-0.80845
24	53	-0.83634
24	54	-0.871348
24	55	-0.903803
24	56	-0.934914
24	57	-0.955708
24	58	-0.948434
24	59	-0.923979
24	60	-0.91145
24	61	-0.868443
24	62	-0.727207
24	63	-0.549326
24	64	-0.382683

25	0	0.33689
25	1	0.633058
25	2	0.75577
25	3	0.803869
25	4	0.819032
25	5	0.817172
25	6	0.804474
25	7	0.786124
25	8	0.764144
25	9	0.740892
25	10	0.715187
25	11	0.689016
25	12	0.662221
25	13	0.635579
25	14	0.610017
25	15	0.584746
25	16	0.559977
25	17	0.535034
25	18	0.506582
25	19	0.476347
25	20	0.444481
25	21	0.411538
25	22	0.377182
25	23	0.341967
25	24	0.306072
25	25	0.270078
25	26	0.234584
25	27	0.199773
25	28	0.165736
25	29	0.132467
25	30	0.100245
25	31	0.0686819
25	32	0.0378438
25	33	0.00702871
25	34	-0.0248478
25	35	-0.0572787
25	36	-0.0904935
25	37	-0.123966
25	38	-0.156912
25	39	-0.190062
25	40	-0.223146
25	41	-0.257492
25	42	-0.295184
25	43	-0.334958
25	44	-0.375547
25	45	-0.417061
25	46	-0.460161
25	47	-0.503244
25	48	-0.546614
25	49	-0.588314
25	50	-0.624399
25	51	-0.657034
25	52	-0.684537
25	53	-0.710756
25	54	-0.741416
25	55	-0.770989
25	56	-0.799855
25	57	-0.8206
25	58	-0.818538
25	59	-0.799901
25	60	-0.788531
25	61	-0.75461
25	62	-0.63593
25	63	-0.480876
25	64	-0.33689

26	0	0.290285
26	1	0.53828
26	2	0.636355
26	3	0.674268
26	4	0.682875
26	5	0.68052
26	6	0.667514
26	7	0.649889
26	8	0.629775
26	9	0.611826
26	10	0.590424
26	11	0.569079
26	12	0.546923
26	13	0.525895
26	14	0.505611
26	15	0.485824
26	16	0.466535
26	17	0.448173
26	18	0.425655
26	19	0.401712
26	20	0.37585
26	21	0.349071
26	22	0.320889
26	23	0.291913
26	24	0.262511
26	25	0.234584
26	26	0.206612
26	27	0.179658
26	28	0.153055
26	29	0.127538
26	30	0.102725
26	31	0.0785094
26	32	0.0547977
26	33	0.0318858
26	34	0.00725238
26	35	-0.0181558
26	36	-0.0446862
26	37	-0.07112
26	38	-0.097823
26	39	-0.124679
26	40	-0.152116
26	41	-0.181219
26	42	-0.213479
26	43	-0.247441
26	44	-0.282708
26	45	-0.319293
26	46	-0.357297
26	47	-0.395816
26	48	-0.434546
26	49	-0.47039
26	50	-0.502687
26	51	-0.532361
26	52	-0.557472
26	53	-0.581277
26	54	-0.609083
26	55	-0.636989
26	56	-0.664713
26	57	-0.683448
26	58	-0.683936
26	59	-0.669185
26	60	-0.66412
26	61	-0.637771
26	62	-0.536395
26	63	-0.409882
26	64	-0.290285

27	0	0.24298
27	1	0.442513
27	2	0.517887
27	3	0.542592
27	4	0.546583
27	5	0.541774
27	6	0.527948
27	7	0.511081
27	8	0.495508
27	9	0.481642
27	10	0.464833
27	11	0.447889
27	12	0.431099
27	13	0.415163
27	14	0.400181
27	15	0.385704
27	16	0.372882
27	17	0.360511
27	18	0.344295
27	19	0.326345
27	20	0.306618
27	21	0.286007
27	22	0.264045
27	23	0.241542
27	24	0.220188
27	25	0.199773
27	26	0.179658
27	27	0.160155
27	28	0.141334
27	29	0.12325
27	30	0.105843
27	31	0.0888366
27	32	0.0731398
27	33	0.0576533
27	34	0.0402265
27	35	0.0216899
27	36	0.00240113
27	37	-0.0175101
27	38	-0.0377093
27	39	-0.0587389
27	40	-0.0808904
27	41	-0.104859
27	42	-0.13146
27	43	-0.160122
27	44	-0.19041
27	45	-0.221915
27	46	-0.255152
27	47	-0.288724
27	48	-0.320953
27	49	-0.351492
27	50	-0.379665
27	51	-0.405884
27	52	-0.427887
27	53	-0.448983
27	54	-0.47481
27	55	-0.501035
27	56	-0.525558
27	57	-0.544024
27	58	-0.54592
27	59	-0.535389
27	60	-0.534019
27	61	-0.518293
27	62	-0.441472
27	63	-0.339003
27	64	-0.24298

28	0	0.19509
28	1	0.345836
28	2	0.39517
28	3	0.411019
28	4	0.409017
28	5	0.401741
28	6	0.38719
28	7	0.373603
28	8	0.361296
28	9	0.351492
28	10	0.338716
28	11	0.326733
28	12	0.31473
28	13	0.303854
28	14	0.293959
28	15	0.28568
28	16	0.278693
28	17	0.272563
28	18	0.262283
28	19	0.25037
28	20	0.236745
28	21	0.22228
28	22	0.206739
28	23	0.192222
28	24	0.178341
28	25	0.165736
28	26	0.153055
28	27	0.141334
28	28	0.12996
28	29	0.119291
28	30	0.109137
28	31	0.100208
28	32	0.0920251
28	33	0.0839235
28	34	0.0735225
28	35	0.0623597
28	36	0.0497716
28	37	0.0365409
28	38	0.0223362
28	39	0.00683602
28	40	-0.0100976
28	41	-0.0286494
28	42	-0.0500287
28	43	-0.073643
28	44	-0.0987843
28	45	-0.125397
28	46	-0.153446
28	47	-0.180429
28	48	-0.206848
28	49	-0.232015
28	50	-0.255757
28	51	-0.277429
28	52	-0.296092
28	53	-0.314157
28	54	-0.337723
28	55	-0.360398
28	56	-0.383269
28	57	-0.401763
28	58	-0.405733
28	59	-0.403548
28	60	-0.410234
28	61	-0.399739
28	62	-0.340339
28	63	-0.266299
28	64	-0.19509

29	0	0.14673
29	1	0.248336
29	2	0.27651
29	3	0.280028
29	4	0.271666
29	5	0.261344
29	6	0.24845
29	7	0.236948
29	8	0.22789
29	9	0.221546
29	10	0.213304
29	11	0.205727
29	12	0.198458
29	13	0.192376
29	14	0.188418
29	15	0.18574
29	16	0.184819
29	17	0.184501
29	18	0.180151
29	19	0.174237
29	20	0.166671
29	21	0.158543
29	22	0.150915
29	23	0.143804
29	24	0.137682
29	25	0.132467
29	26	0.127538
29	27	0.12325
29	28	0.119291
29	29	0.115886
29	30	0.113842
29	31	0.112478
29	32	0.11175
29	33	0.110778
29	34	0.107868
29	35	0.10354
29	36	0.097798
29	37	0.0907335
29	38	0.0822136
29	39	0.0720819
29	40	0.0606593
29	41	0.0473281
29	42	0.0310169
29	43	0.0126074
29	44	-0.00756762
29	45	-0.0288587
29	46	-0.0500782
29	47	-0.0709737
29	48	-0.091573
29	49	-0.111579
29	50	-0.130028
29	51	-0.147682
29	52	-0.162964
29	53	-0.178395
29	54	-0.197969
29	55	-0.217964
29	56	-0.239073
29	57	-0.257856
29	58	-0.267959
29	59	-0.272211
29	60	-0.280435
29	61	-0.279619
29	62	-0.244105
29	63	-0.194116
29	64	-0.14673

30	0	0.0980171
30	1	0.149893
30	2	0.152403
30	3	0.144644
30	4	0.129617
30	5	0.120571
30	6	0.108572
30	7	0.0994617
30	8	0.0930917
30	9	0.0912799
30	10	0.0871083
30	11	0.0839966
30	12	0.0811898
30	13	0.080977
30	14	0.0823906
30	15	0.0855165
30	16	0.0901985
30	17	0.0959872
30	18	0.0975725
30	19	0.0976147
30	20	0.0962744
30	21	0.0961551
30	22	0.0958839
30	23	0.096477
30	24	0.09768
30	25	0.100245
30	26	0.102725
30	27	0.105843
30	28	0.109137
30	29	0.113842
30	30	0.119381
30	31	0.12551
30	32	0.131964
30	33	0.138585
30	34	0.142608
30	35	0.145197
30	36	0.14575
30	37	0.144767
30	38	0.141819
30	39	0.13736
30	40	0.13127
30	41	0.123228
30	42	0.112233
30	43	0.0989739
30	44	0.0842532
30	45	0.0696328
30	46	0.0546543
30	47	0.039869
30	48	0.0248268
30	49	0.01026
30	50	-0.00370896
30	51	-0.0167617
30	52	-0.0289725
30	53	-0.0433518
30	54	-0.0605334
30	55	-0.079793
30	56	-0.0999582
30	57	-0.115704
30	58	-0.128247
30	59	-0.136601
30	60	-0.151356
30	61	-0.158105
30	62	-0.140501
30	63	-0.120099
30	64	-0.0980171

31	0	0.0490677
31	1	0.0515931
31	2	0.03036
31	3	0.00937158
31	4	-0.00842532
31	5	-0.0186643
31	6	-0.0297902
31	7	-0.0373193
31	8	-0.0400088
31	9	-0.0382288
31	10	-0.0383573
31	11	-0.0373782
31	12	-0.0346769
31	13	-0.0297895
31	14	-0.022859
31	15	-0.0144069
31	16	-0.00387295
31	17	0.00769359
31	18	0.0150504
31	19	0.0211348
31	20	0.0276309
31	21	0.0347627
31	22	0.0420788
31	23	0.0498884
31	24	0.0587711
31	25	0.0686819
31	26	0.0785094
31	27	0.0888366
31	28	0.100208
31	29	0.112478
31	30	0.12551
31	31	0.138839
31	32	0.15292
31	33	0.16653
31	34	0.177542
31	35	0.186507
31	36	0.193249
31	37	0.198027
31	38	0.200903
31	39	0.201905
31	40	0.201205
31	41	0.198585
31	42	0.192824
31	43	0.185137
31	44	0.17722
31	45	0.168919
31	46	0.160255
31	47	0.151314
31	48	0.142105
31	49	0.132489
31	50	0.12365
31	51	0.114325
31	52	0.103594
31	53	0.0910827
31	54	0.0747815
31	55	0.0569417
31	56	0.0411624
31	57	0.0264383
31	58	0.0127413
31	59	0.000275025
31	60	-0.0177977
31	61	-0.0351707
31	62	-0.0427145
31	63	-0.0469641
31	64	-0.0490677

32	0	6.12303e-17
32	1	-0.0471384
32	2	-0.0943602
32	3	-0.122168
32	4	-0.144604
32	5	-0.155459
32	6	-0.166432
32	7	-0.171427
32	8	-0.171298
32	9	-0.166304
32	10	-0.162823
32	11	-0.156929
32	12	-0.149508
32	13	-0.139534
32	14	-0.127603
32	15	-0.113611
32	16	-0.0976447
32	17	-0.0803414
32	18	-0.0671821
32	19	-0.0533762
32	20	-0.0398382
32	21	-0.0252001
32	22	-0.0108193
32	23	0.00455939
32	24	0.0206654
32	25	0.0378438
32	26	0.0547977
32	27	0.0731398
32	28	0.0920251
32	29	0.11175
32	30	0.131964
32	31	0.15292
32	32	0.174006
32	33	0.194656
32	34	0.212097
32	35	0.227268
32	36	0.239858
32	37	0.250515
32	38	0.258957
32	39	0.265448
32	40	0.270183
32	41	0.273054
32	42	0.272941
32	43	0.272371
32	44	0.270899
32	45	0.269303
32	46	0.266735
32	47	0.263887
32	48	0.260214
32	49	0.255526
32	50	0.25094
32	51	0.243827
32	52	0.235383
32	53	0.224199
32	54	0.209747
32	55	0.196354
32	56	0.182942
32	57	0.169171
32	58	0.153839
32	59	0.133655
32	60	0.107792
32	61	0.0854404
32	62	0.0603092
32	63	0.027279
32	64	-6.12303e-17

33	0	-0.0490677
33	1	-0.145685
33	2	-0.21205
33	3	-0.250759
33	4	-0.277637
33	5	-0.290587
33	6	-0.300604
33	7	-0.303846
33	8	-0.301177
33	9	-0.293092
33	10	-0.285081
33	11	-0.274832
33	12	-0.262629
33	13	-0.247961
33	14	-0.230796
33	15	-0.211739
33	16	-0.190468
33	17	-0.16773
33	18	-0.147229
33	19	-0.126703
33	20	-0.105962
33	21	-0.0845007
33	22	-0.0627747
33	23	-0.0403579
33	24	-0.0171462
33	25	0.00702871
33	26	0.0318858
33	27	0.0576533
33	28	0.0839235
33	29	0.110778
33	30	0.138585
33	31	0.16653
33	32	0.194656
33	33	0.221754
33	34	0.245432
33	35	0.266501
33	36	0.285053
33	37	0.301367
33	38	0.31539
33	39	0.327323
33	40	0.337465
33	41	0.345946
33	42	0.352915
33	43	0.358817
33	44	0.36407
33	45	0.368691
33	46	0.37242
33	47	0.375584
33	48	0.377642
33	49	0.377953
33	50	0.376426
33	51	0.372299
33	52	0.365613
33	53	0.356624
33	54	0.347086
33	55	0.336986
33	56	0.326191
33	57	0.312625
33	58	0.291835
33	59	0.265553
33	60	0.238528
33	61	0.206634
33	62	0.157532
33	63	0.100321
33	64	0.0490677

34	0	-0.0980171
34	1	-0.241236
34	2	-0.331484
34	3	-0.37919
34	4	-0.411638
34	5	-0.424144
34	6	-0.433572
34	7	-0.435291
34	8	-0.430184
34	9	-0.417061
34	10	-0.404802
34	11	-0.390066
34	12	-0.37344
34	13	-0.353424
34	14	-0.33141
34	15	-0.307131
34	16	-0.280816
34	17	-0.252851
34	18	-0.226496
34	19	-0.199539
34	20	-0.172432
34	21	-0.144219
34	22	-0.115796
34	23	-0.0865702
34	24	-0.0565711
34	25	-0.0248478
34	26	0.00725238
34	27	0.0402265
34	28	0.0735225
34	29	0.107868
34	30	0.142608
34	31	0.177542
34	32	0.212097
34	33	0.245432
34	34	0.275027
34	35	0.302016
34	36	0.326279
34	37	0.348515
34	38	0.368099
34	39	0.385726
34	40	0.401434
34	41	0.415689
34	42	0.42873
34	43	0.441268
34	44	0.452697
34	45	0.462968
34	46	0.47276
34	47	0.481258
34	48	0.488956
34	49	0.496719
34	50	0.5
34	51	0.499692
34	52	0.496047
34	53	0.490037
34	54	0.483811
34	55	0.47577
34	56	0.466376
34	57	0.454942
34	58	0.431577
34	59	0.401276
34	60	0.367792
34	61	0.32823
34	62	0.261204
34	63	0.174519
34	64	0.0980171

35	0	-0.14673
35	1	-0.335302
35	2	-0.446213
35	3	-0.50565
35	4	-0.541484
35	5	-0.555406
35	6	-0.564739
35	7	-0.565045
35	8	-0.555592
35	9	-0.538452
35	10	-0.521945
35	11	-0.503061
35	12	-0.481363
35	13	-0.456678
35	14	-0.429715
35	15	-0.4007
35	16	-0.369585
35	17	-0.336659
35	18	-0.304558
35	19	-0.271819
35	20	-0.238416
35	21	-0.203941
35	22	-0.169053
35	23	-0.133325
35	24	-0.096007
35	25	-0.0572787
35	26	-0.0181558
35	27	0.0216899
35	28	0.0623597
35	29	0.10354
35	30	0.145197
35	31	0.186507
35	32	0.227268
35	33	0.266501
35	34	0.302016
35	35	0.33472
35	36	0.364946
35	37	0.39287
35	38	0.418214
35	39	0.441447
35	40	0.462854
35	41	0.482767
35	42	0.502186
35	43	0.520779
35	44	0.537813
35	45	0.554003
35	46	0.569255
35	47	0.583654
35	48	0.599492
35	49	0.613855
35	50	0.622318
35	51	0.626275
35	52	0.626407
35	53	0.623618
35	54	0.61982
35	55	0.613775
35	56	0.607789
35	57	0.596753
35	58	0.572021
35	59	0.537481
35	60	0.50048
35	61	0.450273
35	62	0.358296
35	63	0.247183
35	64	0.14673

36	0	-0.19509
36	1	-0.427867
36	2	-0.562252
36	3	-0.628501
36	4	-0.668849
36	5	-0.68414
36	6	-0.693371
36	7	-0.690549
36	8	-0.677802
36	9	-0.657014
36	10	-0.636727
36	11	-0.613294
36	12	-0.587264
36	13	-0.557975
36	14	-0.526601
36	15	-0.493017
36	16	-0.457343
36	17	-0.419471
36	18	-0.382196
36	19	-0.343704
36	20	-0.304493
36	21	-0.263957
36	22	-0.22291
36	23	-0.180117
36	24	-0.136039
36	25	-0.0904935
36	26	-0.0446862
36	27	0.00240113
36	28	0.0497716
36	29	0.097798
36	30	0.14575
36	31	0.193249
36	32	0.239858
36	33	0.285053
36	34	0.326279
36	35	0.364946
36	36	0.400881
36	37	0.434645
36	38	0.465632
36	39	0.494717
36	40	0.521746
36	41	0.547726
36	42	0.573024
36	43	0.597253
36	44	0.620184
36	45	0.641908
36	46	0.663236
36	47	0.685754
36	48	0.708711
36	49	0.729669
36	50	0.743504
36	51	0.752775
36	52	0.756852
36	53	0.757526
36	54	0.756339
36	55	0.754022
36	56	0.749848
36	57	0.738924
36	58	0.712211
36	59	0.669453
36	60	0.624563
36	61	0.569066
36	62	0.459716
36	63	0.320266
36	64	0.19509

37	0	-0.24298
37	1	-0.519402
37	2	-0.671562
37	3	-0.747867
37	4	-0.792967
37	5	-0.810156
37	6	-0.817648
37	7	-0.812546
37	8	-0.796822
37	9	-0.772755
37	10	-0.748302
37	11	-0.720915
37	12	-0.690603
37	13	-0.657217
37	14	-0.621602
37	15	-0.583803
37	16	-0.543597
37	17	-0.501086
37	18	-0.458569
37	19	-0.414751
37	20	-0.369917
37	21	-0.323613
37	22	-0.275843
37	23	-0.226587
37	24	-0.175961
37	25	-0.123966
37	26	-0.07112
37	27	-0.0175101
37	28	0.0365409
37	29	0.0907335
37	30	0.144767
37	31	0.198027
37	32	0.250515
37	33	0.301367
37	34	0.348515
37	35	0.39287
37	36	0.434645
37	37	0.474079
37	38	0.510933
37	39	0.545657
37	40	0.57871
37	41	0.61045
37	42	0.641292
37	43	0.671376
37	44	0.699807
37	45	0.727639
37	46	0.757241
37	47	0.787094
37	48	0.817094
37	49	0.84422
37	50	0.864184
37	51	0.878157
37	52	0.886129
37	53	0.889834
37	54	0.892855
37	55	0.893384
37	56	0.891116
37	57	0.880027
37	58	0.84736
37	59	0.798393
37	60	0.752073
37	61	0.687215
37	62	0.554432
37	63	0.391449
37	64	0.24298

38	0	-0.290285
38	1	-0.608662
38	2	-0.782423
38	3	-0.867242
38	4	-0.917223
38	5	-0.932524
38	6	-0.938603
38	7	-0.931288
38	8	-0.912914
38	9	-0.884624
38	10	-0.856488
38	11	-0.825184
38	12	-0.791108
38	13	-0.753605
38	14	-0.714064
38	15	-0.671924
38	16	-0.627445
38	17	-0.580516
38	18	-0.533219
38	19	-0.484249
38	20	-0.434069
38	21	-0.381645
38	22	-0.327808
38	23	-0.272254
38	24	-0.215442
38	25	-0.156912
38	26	-0.097823
38	27	-0.0377093
38	28	0.0223362
38	29	0.0822136
38	30	0.141819
38	31	0.200903
38	32	0.258957
38	33	0.31539
38	34	0.368099
38	35	0.418214
38	36	0.465632
38	37	0.510933
38	38	0.553426
38	39	0.594241
38	40	0.633036
38	41	0.670127
38	42	0.706744
38	43	0.742417
38	44	0.776971
38	45	0.812629
38	46	0.849579
38	47	0.886578
38	48	0.923089
38	49	0.956697
38	50	0.9819
38	51	1.00099
38	52	1.01247
38	53	1.01787
38	54	1.02357
38	55	1.02498
38	56	1.02377
38	57	1.0158
38	58	0.980917
38	59	0.927955
38	60	0.875481
38	61	0.803901
38	62	0.654075
38	63	0.462945
38	64	0.290285

39	0	-0.33689
39	1	-0.696025
39	2	-0.888819
39	3	-0.984022
39	4	-1.03551
39	5	-1.05103
39	6	-1.0561
39	7	-1.04704
39	8	-1.02514
39	9	-0.993559
39	10	-0.961877
39	11	-0.92718
39	12	-0.889339
39	13	-0.848199
39	14	-0.80464
39	15	-0.758548
39	16	-0.710025
39	17	-0.658799
39	18	-0.606792
39	19	-0.552885
39	20	-0.496968
39	21	-0.438889
39	22	-0.379103
39	23	-0.317653
39	24	-0.254566
39	25	-0.190062
39	26	-0.124679
39	27	-0.0587389
39	28	0.00683602
39	29	0.0720819
39	30	0.13736
39	31	0.201905
39	32	0.265448
39	33	0.327323
39	34	0.385726
39	35	0.441447
39	36	0.494717
39	37	0.545657
39	38	0.594241
39	39	0.640806
39	40	0.684938
39	41	0.72775
39	42	0.769922
39	43	0.81174
39	44	0.854151
39	45	0.897089
39	46	0.941265
39	47	0.984949
39	48	1.02826
39	49	1.06757
39	50	1.0984
39	51	1.12162
39	52	1.13521
39	53	1.14286
39	54	1.14961
39	55	1.15254
39	56	1.15574
39	57	1.14888
39	58	1.11286
39	59	1.05605
39	60	1.00102
39	61	0.919793
39	62	0.746493
39	63	0.532257
39	64	0.33689

40	0	-0.382683
40	1	-0.781714
40	2	-0.995644
40	3	-1.09515
40	4	-1.14965
40	5	-1.16529
40	6	-1.16977
40	7	-1.15821
40	8	-1.13372
40	9	-1.09929
40	10	-1.06467
40	11	-1.02674
40	12	-0.985653
40	13	-0.94084
40	14	-0.893673
40	15	-0.843846
40	16	-0.791327
40	17	-0.735957
40	18	-0.679399
40	19	-0.620157
40	20	-0.558938
40	21	-0.495224
40	22	-0.429851
40	23	-0.362388
40	24	-0.293483
40	25	-0.223146
40	26	-0.152116
40	27	-0.0808904
40	28	-0.0100976
40	29	0.0606593
40	30	0.13127
40	31	0.201205
40	32	0.270183
40	33	0.337465
40	34	0.401434
40	35	0.462854
40	36	0.521746
40	37	0.57871
40	38	0.633036
40	39	0.684938
40	40	0.734786
40	41	0.783093
40	42	0.831402
40	43	0.881205
40	44	0.930938
40	45	0.981272
40	46	1.03227
40	47	1.08289
40	48	1.13234
40	49	1.1772
40	50	1.21262
40	51	1.23865
40	52	1.25486
40	53	1.26392
40	54	1.27256
40	55	1.27994
40	56	1.28535
40	57	1.27976
40	58	1.24222
40	59	1.17888
40	60	1.11699
40	61	1.03134
40	62	0.841897
40	63	0.601231
40	64	0.382683

41	0	-0.427555
41	1	-0.866366
41	2	-1.09502
41	3	-1.20287
41	4	-1.2608
41	5	-1.27778
41	6	-1.28113
41	7	-1.26796
41	8	-1.2413
41	9	-1.20447
41	10	-1.16706
41	11	-1.1263
41	12	-1.08192
41	13	-1.03385
41	14	-0.983292
41	15	-0.929756
41	16	-0.873334
41	17	-0.813701
41	18	-0.752083
41	19	-0.687839
41	20	-0.621291
41	21	-0.552291
41	22	-0.481189
41	23	-0.408079
41	24	-0.333394
41	25	-0.257492
41	26	-0.181219
41	27	-0.104859
41	28	-0.0286494
41	29	0.0473281
41	30	0.123228
41	31	0.198585
41	32	0.273054
41	33	0.345946
41	34	0.415689
41	35	0.482767
41	36	0.547726
41	37	0.61045
41	38	0.670127
41	39	0.72775
41	40	0.783093
41	41	0.83753
41	42	0.893836
41	43	0.950989
41	44	1.00813
41	45	1.06534
41	46	1.12339
41	47	1.18048
41	48	1.23606
41	49	1.28607
41	50	1.32494
41	51	1.35415
41	52	1.37212
41	53	1.38332
41	54	1.3968
41	55	1.40705
41	56	1.41491
41	57	1.40929
41	58	1.36707
41	59	1.29832
41	60	1.23557
41	61	1.14142
41	62	0.930318
41	63	0.667786
41	64	0.427555

42	0	-0.471397
42	1	-0.94886
42	2	-1.1974
42	3	-1.31257
42	4	-1.37494
42	5	-1.39106
42	6	-1.3938
42	7	-1.37932
42	8	-1.35092
42	9	-1.31177
42	10	-1.27197
42	11	-1.22841
42	12	-1.18117
42	13	-1.13018
42	14	-1.07628
42	15	-1.01929
42	16	-0.958873
42	17	-0.894105
42	18	-0.827638
42	19	-0.758235
42	20	-0.686659
42	21	-0.612487
42	22	-0.536053
42	23	-0.457633
42	24	-0.377487
42	25	-0.295184
42	26	-0.213479
42	27	-0.13146
42	28	-0.0500287
42	29	0.0310169
42	30	0.112233
42	31	0.192824
42	32	0.272941
42	33	0.352915
42	34	0.42873
42	35	0.502186
42	36	0.573024
42	37	0.641292
42	38	0.706744
42	39	0.769922
42	40	0.831402
42	41	0.893836
42	42	0.957492
42	43	1.02223
42	44	1.08628
42	45	1.15011
42	46	1.21465
42	47	1.27758
42	48	1.33877
42	49	1.39523
42	50	1.43856
42	51	1.47102
42	52	1.49174
42	53	1.50614
42	54	1.52245
42	55	1.53489
42	56	1.54352
42	57	1.53714
42	58	1.49176
42	59	1.41866
42	60	1.35002
42	61	1.24935
42	62	1.02241
42	63	0.733962
42	64	0.471397

43	0	-0.514103
43	1	-1.02976
43	2	-1.29606
43	3	-1.42128
43	4	-1.48631
43	5	-1.50365
43	6	-1.50638
43	7	-1.49114
43	8	-1.46114
43	9	-1.42013
43	10	-1.37798
43	11	-1.33201
43	12	-1.28225
43	13	-1.22831
43	14	-1.17131
43	15	-1.11066
43	16	-1.04537
43	17	-0.975891
43	18	-0.904443
43	19	-0.83022
43	20	-0.75372
43	21	-0.674554
43	22	-0.593079
43	23	-0.509434
43	24	-0.422978
43	25	-0.334958
43	26	-0.247441
43	27	-0.160122
43	28	-0.073643
43	29	0.0126074
43	30	0.0989739
43	31	0.185137
43	32	0.272371
43	33	0.358817
43	34	0.441268
43	35	0.520779
43	36	0.597253
43	37	0.671376
43	38	0.742417
43	39	0.81174
43	40	0.881205
43	41	0.950989
43	42	1.02223
43	43	1.09392
43	44	1.16461
43	45	1.23483
43	46	1.30529
43	47	1.374
43	48	1.44211
43	49	1.50426
43	50	1.55178
43	51	1.58786
43	52	1.61233
43	53	1.62943
43	54	1.64814
43	55	1.66178
43	56	1.67051
43	57	1.66261
43	58	1.61463
43	59	1.53715
43	60	1.46551
43	61	1.35567
43	62	1.10714
43	63	0.797483
43	64	0.514103

44	0	-0.55557
44	1	-1.10834
44	2	-1.39508
44	3	-1.52573
44	4	-1.59484
44	5	-1.61325
44	6	-1.61643
44	7	-1.6006
44	8	-1.56947
44	9	-1.52697
44	10	-1.48293
44	11	-1.43509
44	12	-1.38281
44	13	-1.32633
44	14	-1.26606
44	15	-1.20106
44	16	-1.13135
44	17	-1.05727
44	18	-0.981244
44	19	-0.902406
44	20	-0.821171
44	21	-0.737329
44	22	-0.650904
44	23	-0.561396
44	24	-0.46937
44	25	-0.375547
44	26	-0.282708
44	27	-0.19041
44	28	-0.0987843
44	29	-0.00756762
44	30	0.0842532
44	31	0.17722
44	32	0.270899
44	33	0.36407
44	34	0.452697
44	35	0.537813
44	36	0.620184
44	37	0.699807
44	38	0.776971
44	39	0.854151
44	40	0.930938
44	41	1.00813
44	42	1.08628
44	43	1.16461
44	44	1.24169
44	45	1.3178
44	46	1.39412
44	47	1.46962
44	48	1.54375
44	49	1.61092
44	50	1.66279
44	51	1.70367
44	52	1.73129
44	53	1.75154
44	54	1.77187
44	55	1.78613
44	56	1.79436
44	57	1.78478
44	58	1.73401
44	59	1.64935
44	60	1.57084
44	61	1.45661
44	62	1.19326
44	63	0.859894
44	64	0.55557

45	0	-0.595699
45	1	-1.18542
45	2	-1.48728
45	3	-1.62712
45	4	-1.70058
45	5	-1.72137
45	6	-1.72534
45	7	-1.70934
45	8	-1.6774
45	9	-1.63359
45	10	-1.58816
45	11	-1.53826
45	12	-1.48379
45	13	-1.42442
45	14	-1.36015
45	15	-1.29107
45	16	-1.21701
45	17	-1.1386
45	18	-1.0582
45	19	-0.974871
45	20	-0.8892
45	21	-0.800691
45	22	-0.70867
45	23	-0.613841
45	24	-0.516148
45	25	-0.417061
45	26	-0.319293
45	27	-0.221915
45	28	-0.125397
45	29	-0.0288587
45	30	0.0696328
45	31	0.168919
45	32	0.269303
45	33	0.368691
45	34	0.462968
45	35	0.554003
45	36	0.641908
45	37	0.727639
45	38	0.812629
45	39	0.897089
45	40	0.981272
45	41	1.06534
45	42	1.15011
45	43	1.23483
45	44	1.3178
45	45	1.39976
45	46	1.48295
45	47	1.56459
45	48	1.64403
45	49	1.71606
45	50	1.77329
45	51	1.81778
45	52	1.84876
45	53	1.87088
45	54	1.89216
45	55	1.9067
45	56	1.91453
45	57	1.90338
45	58	1.84709
45	59	1.75678
45	60	1.67703
45	61	1.55493
45	62	1.27229
45	63	0.919401
45	64	0.595699

46	0	-0.634393
46	1	-1.26059
46	2	-1.58218
46	3	-1.72957
46	4	-1.80825
46	5	-1.83068
46	6	-1.83558
46	7	-1.8198
46	8	-1.78722
46	9	-1.74202
46	10	-1.69482
46	11	-1.64324
46	12	-1.58626
46	13	-1.52285
46	14	-1.45473
46	15	-1.38177
46	16	-1.30367
46	17	-1.22079
46	18	-1.13605
46	19	-1.04856
46	20	-0.958487
46	21	-0.864465
46	22	-0.767342
46	23	-0.667317
46	24	-0.564576
46	25	-0.460161
46	26	-0.357297
46	27	-0.255152
46	28	-0.153446
46	29	-0.0500782
46	30	0.0546543
46	31	0.160255
46	32	0.266735
46	33	0.37242
46	34	0.47276
46	35	0.569255
46	36	0.663236
46	37	0.757241
46	38	0.849579
46	39	0.941265
46	40	1.03227
46	41	1.12339
46	42	1.21465
46	43	1.30529
46	44	1.39412
46	45	1.48295
46	46	1.57233
46	47	1.65923
46	48	1.74374
46	49	1.82158
46	50	1.88283
46	51	1.9316
46	52	1.96475
46	53	1.98512
46	54	2.00635
46	55	2.02006
46	56	2.02725
46	57	2.01638
46	58	1.95721
46	59	1.86345
46	60	1.77842
46	61	1.64995
46	62	1.35319
46	63	0.97769
46	64	0.634393

47	0	-0.671559
47	1	-1.3336
47	2	-1.67192
47	3	-1.82932
47	4	-1.91263
47	5	-1.93763
47	6	-1.94394
47	7	-1.92842
47	8	-1.89511
47	9	-1.84858
47	10	-1.80016
47	11	-1.74654
47	12	-1.68595
47	13	-1.61898
47	14	-1.54731
47	15	-1.47067
47	16	-1.38843
47	17	-1.30147
47	18	-1.21286
47	19	-1.12129
47	20	-1.02603
47	21	-0.927175
47	22	-0.825152
47	23	-0.720406
47	24	-0.612609
47	25	-0.503244
47	26	-0.395816
47	27	-0.288724
47	28	-0.180429
47	29	-0.0709737
47	30	0.039869
47	31	0.151314
47	32	0.263887
47	33	0.375584
47	34	0.481258
47	35	0.583654
47	36	0.685754
47	37	0.787094
47	38	0.886578
47	39	0.984949
47	40	1.08289
47	41	1.18048
47	42	1.27758
47	43	1.374
47	44	1.46962
47	45	1.56459
47	46	1.65923
47	47	1.75122
47	48	1.84168
47	49	1.92385
47	50	1.98967
47	51	2.041
47	52	2.07264
47	53	2.0924
47	54	2.11287
47	55	2.12638
47	56	2.13494
47	57	2.12372
47	58	2.06344
47	59	1.96638
47	60	1.87849
47	61	1.74191
47	62	1.42656
47	63	1.03279
47	64	0.671559

48	0	-0.707107
48	1	-1.40457
48	2	-1.76185
48	3	-1.92701
48	4	-2.01524
48	5	-2.04306
48	6	-2.05063
48	7	-2.03529
48	8	-2.00147
48	9	-1.95382
48	10	-1.90388
48	11	-1.84694
48	12	-1.78322
48	13	-1.71303
48	14	-1.63806
48	15	-1.55761
48	16	-1.47177
48	17	-1.38093
48	18	-1.28861
48	19	-1.19205
48	20	-1.09229
48	21	-0.988904
48	22	-0.882502
48	23	-0.773025
48	24	-0.660761
48	25	-0.546614
48	26	-0.434546
48	27	-0.320953
48	28	-0.206848
48	29	-0.091573
48	30	0.0248268
48	31	0.142105
48	32	0.260214
48	33	0.377642
48	34	0.488956
48	35	0.599492
48	36	0.708711
48	37	0.817094
48	38	0.923089
48	39	1.02826
48	40	1.13234
48	41	1.23606
48	42	1.33877
48	43	1.44211
48	44	1.54375
48	45	1.64403
48	46	1.74374
48	47	1.84168
48	48	1.93654
48	49	2.02336
48	50	2.09197
48	51	2.14255
48	52	2.17378
48	53	2.19336
48	54	2.21398
48	55	2.22894
48	56	2.23868
48	57	2.22687
48	58	2.1654
48	59	2.06176
48	60	1.96812
48	61	1.82754
48	62	1.49969
48	63	1.08595
48	64	0.707107

49	0	-0.740951
49	1	-1.47154
49	2	-1.8438
49	3	-2.01736
49	4	-2.11039
49	5	-2.14063
49	6	-2.14916
49	7	-2.13413
49	8	-2.1001
49	9	-2.05169
49	10	-1.99921
49	11	-1.93978
49	12	-1.87339
49	13	-1.80037
49	14	-1.72206
49	15	-1.63855
49	16	-1.54948
49	17	-1.45547
49	18	-1.35875
49	19	-1.25817
49	20	-1.1543
49	21	-1.04694
49	22	-0.936205
49	23	-0.822816
49	24	-0.706497
49	25	-0.588314
49	26	-0.47039
49	27	-0.351492
49	28	-0.232015
49	29	-0.111579
49	30	0.01026
49	31	0.132489
49	32	0.255526
49	33	0.377953
49	34	0.496719
49	35	0.613855
49	36	0.729669
49	37	0.84422
49	38	0.956697
49	39	1.06757
49	40	1.1772
49	41	1.28607
49	42	1.39523
49	43	1.50426
49	44	1.61092
49	45	1.71606
49	46	1.82158
49	47	1.92385
49	48	2.02336
49	49	2.11305
49	50	2.18106
49	51	2.23141
49	52	2.26249
49	53	2.28231
49	54	2.30468
49	55	2.32197
49	56	2.33336
49	57	2.32253
49	58	2.25713
49	59	2.14961
49	60	2.05538
49	61	1.9087
49	62	1.56514
49	63	1.13552
49	64	0.740951

50	0	-0.77301
50	1	-1.52624
50	2	-1.91149
50	3	-2.09046
50	4	-2.1868
50	5	-2.21684
50	6	-2.22577
50	7	-2.2103
50	8	-2.17613
50	9	-2.12967
50	10	-2.07647
50	11	-2.01594
50	12	-1.94758
50	13	-1.87192
50	14	-1.79114
50	15	-1.70458
50	16	-1.61297
50	17	-1.51776
50	18	-1.41834
50	19	-1.31483
50	20	-1.20764
50	21	-1.09622
50	22	-0.982043
50	23	-0.864538
50	24	-0.744863
50	25	-0.624399
50	26	-0.502687
50	27	-0.379665
50	28	-0.255757
50	29	-0.130028
50	30	-0.00370896
50	31	0.12365
50	32	0.25094
50	33	0.376426
50	34	0.5
50	35	0.622318
50	36	0.743504
50	37	0.864184
50	38	0.9819
50	39	1.0984
50	40	1.21262
50	41	1.32494
50	42	1.43856
50	43	1.55178
50	44	1.66279
50	45	1.77329
50	46	1.88283
50	47	1.98967
50	48	2.09197
50	49	2.18106
50	50	2.24887
50	51	2.29988
50	52	2.3313
50	53	2.35044
50	54	2.37495
50	55	2.39228
50	56	2.40628
50	57	2.40477
50	58	2.34102
50	59	2.23299
50	60	2.13598
50	61	1.98463
50	62	1.63033
50	63	1.18286
50	64	0.77301

51	0	-0.803208
51	1	-1.5739
51	2	-1.96754
51	3	-2.15105
51	4	-2.24784
51	5	-2.27821
51	6	-2.28682
51	7	-2.27143
51	8	-2.23978
51	9	-2.19427
51	10	-2.14121
51	11	-2.07978
51	12	-2.00956
51	13	-1.93205
51	14	-1.84879
51	15	-1.76022
51	16	-1.66808
51	17	-1.57151
51	18	-1.47015
51	19	-1.36417
51	20	-1.25358
51	21	-1.13915
51	22	-1.02134
51	23	-0.900969
51	24	-0.77976
51	25	-0.657034
51	26	-0.532361
51	27	-0.405884
51	28	-0.277429
51	29	-0.147682
51	30	-0.0167617
51	31	0.114325
51	32	0.243827
51	33	0.372299
51	34	0.499692
51	35	0.626275
51	36	0.752775
51	37	0.878157
51	38	1.00099
51	39	1.12162
51	40	1.23865
51	41	1.35415
51	42	1.47102
51	43	1.58786
51	44	1.70367
51	45	1.81778
51	46	1.9316
51	47	2.041
51	48	2.14255
51	49	2.23141
51	50	2.29988
51	51	2.35139
51	52	2.38215
51	53	2.40283
51	54	2.42753
51	55	2.44794
51	56	2.47299
51	57	2.47812
51	58	2.41781
51	59	2.3101
51	60	2.21236
51	61	2.05578
51	62	1.68749
51	63	1.2264
51	64	0.803208

52	0	-0.83147
52	1	-1.61407
52	2	-2.01466
52	3	-2.19651
52	4	-2.29349
52	5	-2.32211
52	6	-2.33059
52	7	-2.31712
52	8	-2.28667
52	9	-2.2425
52	10	-2.18948
52	11	-2.12722
52	12	-2.05579
52	13	-1.97673
52	14	-1.89205
52	15	-1.80357
52	16	-1.7106
52	17	-1.61363
52	18	-1.51071
52	19	-1.40258
52	20	-1.28957
52	21	-1.17261
52	22	-1.05251
52	23	-0.931307
52	24	-0.80845
52	25	-0.684537
52	26	-0.557472
52	27	-0.427887
52	28	-0.296092
52	29	-0.162964
52	30	-0.0289725
52	31	0.103594
52	32	0.235383
52	33	0.365613
52	34	0.496047
52	35	0.626407
52	36	0.756852
52	37	0.886129
52	38	1.01247
52	39	1.13521
52	40	1.25486
52	41	1.37212
52	42	1.49174
52	43	1.61233
52	44	1.73129
52	45	1.84876
52	46	1.96475
52	47	2.07264
52	48	2.17378
52	49	2.26249
52	50	2.3313
52	51	2.38215
52	52	2.41444
52	53	2.43503
52	54	2.46304
52	55	2.49376
52	56	2.52665
52	57	2.53846
52	58	2.48156
52	59	2.3728
52	60	2.27226
52	61	2.11615
52	62	1.7397
52	63	1.26647
52	64	0.83147

53	0	-0.857729
53	1	-1.65056
53	2	-2.05197
53	3	-2.23472
53	4	-2.33042
53	5	-2.35883
53	6	-2.36926
53	7	-2.35697
53	8	-2.32809
53	9	-2.28453
53	10	-2.23132
53	11	-2.16843
53	12	-2.09583
53	13	-2.01578
53	14	-1.93159
53	15	-1.84265
53	16	-1.74961
53	17	-1.6517
53	18	-1.54721
53	19	-1.43719
53	20	-1.32193
53	21	-1.20306
53	22	-1.08251
53	23	-0.960023
53	24	-0.83634
53	25	-0.710756
53	26	-0.581277
53	27	-0.448983
53	28	-0.314157
53	29	-0.178395
53	30	-0.0433518
53	31	0.0910827
53	32	0.224199
53	33	0.356624
53	34	0.490037
53	35	0.623618
53	36	0.757526
53	37	0.889834
53	38	1.01787
53	39	1.14286
53	40	1.26392
53	41	1.38332
53	42	1.50614
53	43	1.62943
53	44	1.75154
53	45	1.87088
53	46	1.98512
53	47	2.0924
53	48	2.19336
53	49	2.28231
53	50	2.35044
53	51	2.40283
53	52	2.43503
53	53	2.4589
53	54	2.49745
53	55	2.53641
53	56	2.57714
53	57	2.59432
53	58	2.5387
53	59	2.42859
53	60	2.33045
53	61	2.17116
53	62	1.78596
53	63	1.30287
53	64	0.857729

54	0	-0.881921
54	1	-1.68908
54	2	-2.09669
54	3	-2.27686
54	4	-2.37237
54	5	-2.40503
54	6	-2.41716
54	7	-2.40682
54	8	-2.37874
54	9	-2.33593
54	10	-2.28258
54	11	-2.21965
54	12	-2.14649
54	13	-2.06568
54	14	-1.9809
54	15	-1.89242
54	16	-1.79873
54	17	-1.69791
54	18	-1.59146
54	19	-1.48016
54	20	-1.36331
54	21	-1.24151
54	22	-1.11923
54	23	-0.996397
54	24	-0.871348
54	25	-0.741416
54	26	-0.609083
54	27	-0.47481
54	28	-0.337723
54	29	-0.197969
54	30	-0.0605334
54	31	0.0747815
54	32	0.209747
54	33	0.347086
54	34	0.483811
54	35	0.61982
54	36	0.756339
54	37	0.892855
54	38	1.02357
54	39	1.14961
54	40	1.27256
54	41	1.3968
54	42	1.52245
54	43	1.64814
54	44	1.77187
54	45	1.89216
54	46	2.00635
54	47	2.11287
54	48	2.21398
54	49	2.30468
54	50	2.37495
54	51	2.42753
54	52	2.46304
54	53	2.49745
54	54	2.54445
54	55	2.59089
54	56	2.63777
54	57	2.65924
54	58	2.60419
54	59	2.4979
54	60	2.39834
54	61	2.22477
54	62	1.82993
54	63	1.33625
54	64	0.881921

55	0	-0.903989
55	1	-1.72639
55	2	-2.13548
55	3	-2.31607
55	4	-2.41575
55	5	-2.45053
55	6	-2.46473
55	7	-2.4552
55	8	-2.42788
55	9	-2.38525
55	10	-2.33222
55	11	-2.26917
55	12	-2.19556
55	13	-2.11413
55	14	-2.02999
55	15	-1.94122
55	16	-1.84495
55	17	-1.74217
55	18	-1.63471
55	19	-1.52231
55	20	-1.40288
55	21	-1.27911
55	22	-1.1566
55	23	-1.03279
55	24	-0.903803
55	25	-0.770989
55	26	-0.636989
55	27	-0.501035
55	28	-0.360398
55	29	-0.217964
55	30	-0.079793
55	31	0.0569417
55	32	0.196354
55	33	0.336986
55	34	0.47577
55	35	0.613775
55	36	0.754022
55	37	0.893384
55	38	1.02498
55	39	1.15254
55	40	1.27994
55	41	1.40705
55	42	1.53489
55	43	1.66178
55	44	1.78613
55	45	1.9067
55	46	2.02006
55	47	2.12638
55	48	2.22894
55	49	2.32197
55	50	2.39228
55	51	2.44794
55	52	2.49376
55	53	2.53641
55	54	2.59089
55	55	2.6436
55	56	2.6954
55	57	2.71872
55	58	2.66897
55	59	2.56294
55	60	2.45131
55	61	2.2692
55	62	1.86574
55	63	1.3648
55	64	0.903989

56	0	-0.92388
56	1	-1.7658
56	2	-2.179
56	3	-2.36531
56	4	-2.46691
56	5	-2.5019
56	6	-2.51632
56	7	-2.50571
56	8	-2.47828
56	9	-2.43487
56	10	-2.38175
56	11	-2.31796
56	12	-2.24419
56	13	-2.16252
56	14	-2.07833
56	15	-1.98691
56	16	-1.88929
56	17	-1.78504
56	18	-1.67688
56	19	-1.56218
56	20	-1.44164
56	21	-1.31672
56	22	-1.19364
56	23	-1.06594
56	24	-0.934914
56	25	-0.799855
56	26	-0.664713
56	27	-0.525558
56	28	-0.383269
56	29	-0.239073
56	30	-0.0999582
56	31	0.0411624
56	32	0.182942
56	33	0.326191
56	34	0.466376
56	35	0.607789
56	36	0.749848
56	37	0.891116
56	38	1.02377
56	39	1.15574
56	40	1.28535
56	41	1.41491
56	42	1.54352
56	43	1.67051
56	44	1.79436
56	45	1.91453
56	46	2.02725
56	47	2.13494
56	48	2.23868
56	49	2.33336
56	50	2.40628
56	51	2.47299
56	52	2.52665
56	53	2.57714
56	54	2.63777
56	55	2.6954
56	56	2.74935
56	57	2.77922
56	58	2.73098
56	59	2.61043
56	60	2.49388
56	61	2.3061
56	62	1.89951
56	63	1.38901
56	64	0.92388

57	0	-0.941544
57	1	-1.79495
57	2	-2.21269
57	3	-2.39884
57	4	-2.49904
57	5	-2.53288
57	6	-2.54544
57	7	-2.53408
57	8	-2.50586
57	9	-2.46232
57	10	-2.4087
57	11	-2.34522
57	12	-2.27209
57	13	-2.19096
57	14	-2.10488
57	15	-2.01291
57	16	-1.91489
57	17	-1.81072
57	18	-1.70115
57	19	-1.58644
57	20	-1.46625
57	21	-1.3418
57	22	-1.216
57	23	-1.08746
57	24	-0.955708
57	25	-0.8206
57	26	-0.683448
57	27	-0.544024
57	28	-0.401763
57	29	-0.257856
57	30	-0.115704
57	31	0.0264383
57	32	0.169171
57	33	0.312625
57	34	0.454942
57	35	0.596753
57	36	0.738924
57	37	0.880027
57	38	1.0158
57	39	1.14888
57	40	1.27976
57	41	1.40929
57	42	1.53714
57	43	1.66261
57	44	1.78478
57	45	1.90338
57	46	2.01638
57	47	2.12372
57	48	2.22687
57	49	2.32253
57	50	2.40477
57	51	2.47812
57	52	2.53846
57	53	2.59432
57	54	2.65924
57	55	2.71872
57	56	2.77922
57	57	2.81104
57	58	2.74929
57	59	2.62679
57	60	2.51098
57	61	2.32675
57	62	1.917
57	63	1.40593
57	64	0.941544

58	0	-0.95694
58	1	-1.77965
58	2	-2.18369
58	3	-2.35553
58	4	-2.44922
58	5	-2.48915
58	6	-2.50213
58	7	-2.49
58	8	-2.46161
58	9	-2.4226
58	10	-2.37071
58	11	-2.30818
58	12	-2.23635
58	13	-2.15983
58	14	-2.07546
58	15	-1.98438
58	16	-1.8876
58	17	-1.78767
58	18	-1.68025
58	19	-1.56682
58	20	-1.44853
58	21	-1.32959
58	22	-1.20602
58	23	-1.07858
58	24	-0.948434
58	25	-0.818538
58	26	-0.683936
58	27	-0.54592
58	28	-0.405733
58	29	-0.267959
58	30	-0.128247
58	31	0.0127413
58	32	0.153839
58	33	0.291835
58	34	0.431577
58	35	0.572021
58	36	0.712211
58	37	0.84736
58	38	0.980917
58	39	1.11286
58	40	1.24222
58	41	1.36707
58	42	1.49176
58	43	1.61463
58	44	1.73401
58	45	1.84709
58	46	1.95721
58	47	2.06344
58	48	2.1654
58	49	2.25713
58	50	2.34102
58	51	2.41781
58	52	2.48156
58	53	2.5387
58	54	2.60419
58	55	2.66897
58	56	2.73098
58	57	2.74929
58	58	2.68698
58	59	2.56077
58	60	2.45277
58	61	2.31239
58	62	1.91708
58	63	1.41395
58	64	0.95694

59	0	-0.970031
59	1	-1.74431
59	2	-2.11428
59	3	-2.26679
59	4	-2.35924
59	5	-2.39807
59	6	-2.40917
59	7	-2.39608
59	8	-2.37179
59	9	-2.33556
59	10	-2.28532
59	11	-2.22467
59	12	-2.15827
59	13	-2.08578
59	14	-2.00398
59	15	-1.91556
59	16	-1.82436
59	17	-1.72899
59	18	-1.62467
59	19	-1.51476
59	20	-1.40376
59	21	-1.2905
59	22	-1.17058
59	23	-1.0469
59	24	-0.923979
59	25	-0.799901
59	26	-0.669185
59	27	-0.535389
59	28	-0.403548
59	29	-0.272211
59	30	-0.136601
59	31	0.000275025
59	32	0.133655
59	33	0.265553
59	34	0.401276
59	35	0.537481
59	36	0.669453
59	37	0.798393
59	38	0.927955
59	39	1.05605
59	40	1.17888
59	41	1.29832
59	42	1.41866
59	43	1.53715
59	44	1.64935
59	45	1.75678
59	46	1.86345
59	47	1.96638
59	48	2.06176
59	49	2.14961
59	50	2.23299
59	51	2.3101
59	52	2.3728
59	53	2.42859
59	54	2.4979
59	55	2.56294
59	56	2.61043
59	57	2.62679
59	58	2.56077
59	59	2.44266
59	60	2.38246
59	61	2.27077
59	62	1.89244
59	63	1.40634
59	64	0.970031

60	0	-0.980785
60	1	-1.72787
60	2	-2.06235
60	3	-2.2113
60	4	-2.29604
60	5	-2.3321
60	6	-2.34051
60	7	-2.32825
60	8	-2.30565
60	9	-2.26897
60	10	-2.22074
60	11	-2.16204
60	12	-2.09994
60	13	-2.02813
60	14	-1.95018
60	15	-1.86399
60	16	-1.77824
60	17	-1.68363
60	18	-1.58434
60	19	-1.47763
60	20	-1.37354
60	21	-1.26168
60	22	-1.14761
60	23	-1.02707
60	24	-0.91145
60	25	-0.788531
60	26	-0.66412
60	27	-0.534019
60	28	-0.410234
60	29	-0.280435
60	30	-0.151356
60	31	-0.0177977
60	32	0.107792
60	33	0.238528
60	34	0.367792
60	35	0.50048
60	36	0.624563
60	37	0.752073
60	38	0.875481
60	39	1.00102
60	40	1.11699
60	41	1.23557
60	42	1.35002
60	43	1.46551
60	44	1.57084
60	45	1.67703
60	46	1.77842
60	47	1.87849
60	48	1.96812
60	49	2.05538
60	50	2.13598
60	51	2.21236
60	52	2.27226
60	53	2.33045
60	54	2.39834
60	55	2.45131
60	56	2.49388
60	57	2.51098
60	58	2.45277
60	59	2.38246
60	60	2.35286
60	61	2.25811
60	62	1.90914
60	63	1.39626
60	64	0.980785

61	0	-0.989177
61	1	-1.68563
61	2	-1.99029
61	3	-2.11346
61	4	-2.183
61	5	-2.20961
61	6	-2.21492
61	7	-2.20171
61	8	-2.17743
61	9	-2.1422
61	10	-2.09643
61	11	-2.04221
61	12	-1.98196
61	13	-1.91525
61	14	-1.84171
61	15	-1.76236
61	16	-1.67961
61	17	-1.59193
61	18	-1.49873
61	19	-1.40084
61	20	-1.30108
61	21	-1.19765
61	22	-1.09035
61	23	-0.979531
61	24	-0.868443
61	25	-0.75461
61	26	-0.637771
61	27	-0.518293
61	28	-0.399739
61	29	-0.279619
61	30	-0.158105
61	31	-0.0351707
61	32	0.0854404
61	33	0.206634
61	34	0.32823
61	35	0.450273
61	36	0.569066
61	37	0.687215
61	38	0.803901
61	39	0.919793
61	40	1.03134
61	41	1.14142
61	42	1.24935
61	43	1.35567
61	44	1.45661
61	45	1.55493
61	46	1.64995
61	47	1.74191
61	48	1.82754
61	49	1.9087
61	50	1.98463
61	51	2.05578
61	52	2.11615
61	53	2.17116
61	54	2.22477
61	55	2.2692
61	56	2.3061
61	57	2.32675
61	58	2.31239
61	59	2.27077
61	60	2.25811
61	61	2.19876
61	62	1.83906
61	63	1.357
61	64	0.989177

62	0	-0.995185
62	1	-1.45528
62	2	-1.65572
62	3	-1.77008
62	4	-1.82055
62	5	-1.8458
62	6	-1.84689
62	7	-1.83657
62	8	-1.81379
62	9	-1.78441
62	10	-1.74427
62	11	-1.70057
62	12	-1.64852
62	13	-1.59454
62	14	-1.5315
62	15	-1.46816
62	16	-1.39731
62	17	-1.32681
62	18	-1.24736
62	19	-1.16956
62	20	-1.08447
62	21	-1.00159
62	22	-0.910142
62	23	-0.822048
62	24	-0.727207
62	25	-0.63593
62	26	-0.536395
62	27	-0.441472
62	28	-0.340339
62	29	-0.244105
62	30	-0.140501
62	31	-0.0427145
62	32	0.0603092
62	33	0.157532
62	34	0.261204
62	35	0.358296
62	36	0.459716
62	37	0.554432
62	38	0.654075
62	39	0.746493
62	40	0.841897
62	41	0.930318
62	42	1.02241
62	43	1.10714
62	44	1.19326
62	45	1.27229
62	46	1.35319
62	47	1.42656
62	48	1.49969
62	49	1.56514
62	50	1.63033
62	51	1.68749
62	52	1.7397
62	53	1.78596
62	54	1.82993
62	55	1.86574
62	56	1.89951
62	57	1.917
62	58	1.91708
62	59	1.89244
62	60	1.90914
62	61	1.83906
62	62	1.52009
62	63	1.24426
62	64	0.995185

63	0	-0.998795
63	1	-1.17231
63	2	-1.28047
63	3	-1.34315
63	4	-1.37283
63	5	-1.38381
63	6	-1.38097
63	7	-1.36934
63	8	-1.35034
63	9	-1.32604
63	10	-1.29611
63	11	-1.26239
63	12	-1.22425
63	13	-1.1832
63	14	-1.13795
63	15	-1.0904
63	16	-1.03929
63	17	-0.986313
63	18	-0.929686
63	19	-0.871621
63	20	-0.810531
63	21	-0.748443
63	22	-0.683284
63	23	-0.617518
63	24	-0.549326
63	25	-0.480876
63	26	-0.409882
63	27	-0.339003
63	28	-0.266299
63	29	-0.194116
63	30	-0.120099
63	31	-0.0469641
63	32	0.027279
63	33	0.100321
63	34	0.174519
63	35	0.247183
63	36	0.320266
63	37	0.391449
63	38	0.462945
63	39	0.532257
63	40	0.601231
63	41	0.667786
63	42	0.733962
63	43	0.797483
63	44	0.859894
63	45	0.919401
63	46	0.97769
63	47	1.03279
63	48	1.08595
63	49	1.13552
63	50	1.18286
63	51	1.2264
63	52	1.26647
63	53	1.30287
63	54	1.33625
63	55	1.3648
63	56	1.38901
63	57	1.40593
63	58	1.41395
63	59	1.40634
63	60	1.39626
63	61	1.357
63	62	1.24426
63	63	1.12273
63	64	0.998795

64	0	-1
64	1	-0.998795
64	2	-0.995185
64	3	-0.989177
64	4	-0.980785
64	5	-0.970031
64	6	-0.95694
64	7	-0.941544
64	8	-0.92388
64	9	-0.903989
64	10	-0.881921
64	11	-0.857729
64	12	-0.83147
64	13	-0.803208
64	14	-0.77301
64	15	-0.740951
64	16	-0.707107
64	17	-0.671559
64	18	-0.634393
64	19	-0.595699
64	20	-0.55557
64	21	-0.514103
64	22	-0.471397
64	23	-0.427555
64	24	-0.382683
64	25	-0.33689
64	26	-0.290285
64	27	-0.24298
64	28	-0.19509
64	29	-0.14673
64	30	-0.0980171
64	31	-0.0490677
64	32	-6.12303e-17
64	33	0.0490677
64	34	0.0980171
64	35	0.14673
64	36	0.19509
64	37	0.24298
64	38	0.290285
64	39	0.33689
64	40	0.382683
64	41	0.427555
64	42	0.471397
64	43	0.514103
64	44	0.55557
64	45	0.595699
64	46	0.634393
64	47	0.671559
64	48	0.707107
64	49	0.740951
64	50	0.77301
64	51	0.803208
64	52	0.83147
64	53	0.857729
64	54	0.881921
64	55	0.903989
64	56	0.92388
64	57	0.941544
64	58	0.95694
64	59	0.970031
64	60	0.980785
64	61	0.989177
64	62	0.995185
64	63	0.998795
64	64	1

